0.000000e+00 1.000000e-09
1.000000e-03 1.128387e-03
2.000000e-03 2.256770e-03
3.000000e-03 3.385149e-03
4.000000e-03 4.513521e-03
5.000000e-03 5.641883e-03
6.000000e-03 6.770234e-03
7.000000e-03 7.898571e-03
8.000000e-03 9.026892e-03
9.000000e-03 1.015519e-02
1.000000e-02 1.128348e-02
1.100000e-02 1.241174e-02
1.200000e-02 1.353997e-02
1.300000e-02 1.466818e-02
1.400000e-02 1.579636e-02
1.500000e-02 1.692450e-02
1.600000e-02 1.805261e-02
1.700000e-02 1.918069e-02
1.800000e-02 2.030873e-02
1.900000e-02 2.143672e-02
2.000000e-02 2.256468e-02
2.100000e-02 2.369259e-02
2.200000e-02 2.482045e-02
2.300000e-02 2.594826e-02
2.400000e-02 2.707602e-02
2.500000e-02 2.820372e-02
2.600000e-02 2.933137e-02
2.700000e-02 3.045896e-02
2.800000e-02 3.158649e-02
2.900000e-02 3.271395e-02
3.000000e-02 3.384135e-02
3.100000e-02 3.496868e-02
3.200000e-02 3.609594e-02
3.300000e-02 3.722313e-02
3.400000e-02 3.835025e-02
3.500000e-02 3.947728e-02
3.600000e-02 4.060424e-02
3.700000e-02 4.173112e-02
3.800000e-02 4.285792e-02
3.900000e-02 4.398462e-02
4.000000e-02 4.511124e-02
4.100000e-02 4.623777e-02
4.200000e-02 4.736421e-02
4.300000e-02 4.849056e-02
4.400000e-02 4.961680e-02
4.500000e-02 5.074295e-02
4.600000e-02 5.186899e-02
4.700000e-02 5.299494e-02
4.800000e-02 5.412077e-02
4.900000e-02 5.524650e-02
5.000000e-02 5.637212e-02
5.100000e-02 5.749762e-02
5.200000e-02 5.862301e-02
5.300000e-02 5.974828e-02
5.400000e-02 6.087344e-02
5.500000e-02 6.199847e-02
5.600000e-02 6.312338e-02
5.700000e-02 6.424816e-02
5.800000e-02 6.537281e-02
5.900000e-02 6.649733e-02
6.000000e-02 6.762172e-02
6.100000e-02 6.874598e-02
6.200000e-02 6.987010e-02
6.300000e-02 7.099408e-02
6.400000e-02 7.211791e-02
6.500000e-02 7.324161e-02
6.600000e-02 7.436515e-02
6.700000e-02 7.548855e-02
6.800000e-02 7.661180e-02
6.900000e-02 7.773490e-02
7.000000e-02 7.885784e-02
7.100000e-02 7.998062e-02
7.200000e-02 8.110324e-02
7.300000e-02 8.222570e-02
7.400000e-02 8.334800e-02
7.500000e-02 8.447013e-02
7.600000e-02 8.559210e-02
7.700000e-02 8.671389e-02
7.800000e-02 8.783551e-02
7.900000e-02 8.895695e-02
8.000000e-02 9.007822e-02
8.100000e-02 9.119931e-02
8.200000e-02 9.232022e-02
8.300000e-02 9.344094e-02
8.400000e-02 9.456148e-02
8.500000e-02 9.568183e-02
8.600000e-02 9.680198e-02
8.700000e-02 9.792195e-02
8.800000e-02 9.904172e-02
8.900000e-02 1.001613e-01
9.000000e-02 1.012807e-01
9.100000e-02 1.023998e-01
9.200000e-02 1.035188e-01
9.300000e-02 1.046376e-01
9.400000e-02 1.057561e-01
9.500000e-02 1.068745e-01
9.600000e-02 1.079926e-01
9.700000e-02 1.091105e-01
9.800000e-02 1.102282e-01
9.900000e-02 1.113457e-01
1.000000e-01 1.124630e-01
1.010000e-01 1.135800e-01
1.020000e-01 1.146968e-01
1.030000e-01 1.158134e-01
1.040000e-01 1.169298e-01
1.050000e-01 1.180459e-01
1.060000e-01 1.191618e-01
1.070000e-01 1.202774e-01
1.080000e-01 1.213928e-01
1.090000e-01 1.225080e-01
1.100000e-01 1.236229e-01
1.110000e-01 1.247376e-01
1.120000e-01 1.258520e-01
1.130000e-01 1.269662e-01
1.140000e-01 1.280802e-01
1.150000e-01 1.291938e-01
1.160000e-01 1.303073e-01
1.170000e-01 1.314204e-01
1.180000e-01 1.325333e-01
1.190000e-01 1.336460e-01
1.200000e-01 1.347584e-01
1.210000e-01 1.358705e-01
1.220000e-01 1.369823e-01
1.230000e-01 1.380939e-01
1.240000e-01 1.392052e-01
1.250000e-01 1.403162e-01
1.260000e-01 1.414269e-01
1.270000e-01 1.425374e-01
1.280000e-01 1.436476e-01
1.290000e-01 1.447575e-01
1.300000e-01 1.458671e-01
1.310000e-01 1.469764e-01
1.320000e-01 1.480854e-01
1.330000e-01 1.491942e-01
1.340000e-01 1.503026e-01
1.350000e-01 1.514108e-01
1.360000e-01 1.525186e-01
1.370000e-01 1.536262e-01
1.380000e-01 1.547334e-01
1.390000e-01 1.558404e-01
1.400000e-01 1.569470e-01
1.410000e-01 1.580533e-01
1.420000e-01 1.591593e-01
1.430000e-01 1.602650e-01
1.440000e-01 1.613704e-01
1.450000e-01 1.624755e-01
1.460000e-01 1.635802e-01
1.470000e-01 1.646846e-01
1.480000e-01 1.657887e-01
1.490000e-01 1.668925e-01
1.500000e-01 1.679959e-01
1.510000e-01 1.690990e-01
1.520000e-01 1.702018e-01
1.530000e-01 1.713042e-01
1.540000e-01 1.724063e-01
1.550000e-01 1.735081e-01
1.560000e-01 1.746095e-01
1.570000e-01 1.757106e-01
1.580000e-01 1.768113e-01
1.590000e-01 1.779117e-01
1.600000e-01 1.790117e-01
1.610000e-01 1.801114e-01
1.620000e-01 1.812107e-01
1.630000e-01 1.823097e-01
1.640000e-01 1.834083e-01
1.650000e-01 1.845066e-01
1.660000e-01 1.856045e-01
1.670000e-01 1.867020e-01
1.680000e-01 1.877991e-01
1.690000e-01 1.888959e-01
1.700000e-01 1.899924e-01
1.710000e-01 1.910884e-01
1.720000e-01 1.921841e-01
1.730000e-01 1.932794e-01
1.740000e-01 1.943743e-01
1.750000e-01 1.954688e-01
1.760000e-01 1.965630e-01
1.770000e-01 1.976568e-01
1.780000e-01 1.987501e-01
1.790000e-01 1.998431e-01
1.800000e-01 2.009357e-01
1.810000e-01 2.020279e-01
1.820000e-01 2.031197e-01
1.830000e-01 2.042112e-01
1.840000e-01 2.053022e-01
1.850000e-01 2.063928e-01
1.860000e-01 2.074830e-01
1.870000e-01 2.085728e-01
1.880000e-01 2.096622e-01
1.890000e-01 2.107512e-01
1.900000e-01 2.118398e-01
1.910000e-01 2.129279e-01
1.920000e-01 2.140157e-01
1.930000e-01 2.151030e-01
1.940000e-01 2.161899e-01
1.950000e-01 2.172764e-01
1.960000e-01 2.183625e-01
1.970000e-01 2.194481e-01
1.980000e-01 2.205333e-01
1.990000e-01 2.216181e-01
2.000000e-01 2.227025e-01
2.010000e-01 2.237864e-01
2.020000e-01 2.248699e-01
2.030000e-01 2.259529e-01
2.040000e-01 2.270355e-01
2.050000e-01 2.281177e-01
2.060000e-01 2.291994e-01
2.070000e-01 2.302807e-01
2.080000e-01 2.313615e-01
2.090000e-01 2.324419e-01
2.100000e-01 2.335218e-01
2.110000e-01 2.346013e-01
2.120000e-01 2.356803e-01
2.130000e-01 2.367588e-01
2.140000e-01 2.378369e-01
2.150000e-01 2.389146e-01
2.160000e-01 2.399917e-01
2.170000e-01 2.410685e-01
2.180000e-01 2.421447e-01
2.190000e-01 2.432205e-01
2.200000e-01 2.442958e-01
2.210000e-01 2.453706e-01
2.220000e-01 2.464450e-01
2.230000e-01 2.475188e-01
2.240000e-01 2.485922e-01
2.250000e-01 2.496652e-01
2.260000e-01 2.507376e-01
2.270000e-01 2.518095e-01
2.280000e-01 2.528810e-01
2.290000e-01 2.539520e-01
2.300000e-01 2.550225e-01
2.310000e-01 2.560925e-01
2.320000e-01 2.571620e-01
2.330000e-01 2.582310e-01
2.340000e-01 2.592995e-01
2.350000e-01 2.603675e-01
2.360000e-01 2.614350e-01
2.370000e-01 2.625020e-01
2.380000e-01 2.635685e-01
2.390000e-01 2.646344e-01
2.400000e-01 2.656999e-01
2.410000e-01 2.667649e-01
2.420000e-01 2.678293e-01
2.430000e-01 2.688933e-01
2.440000e-01 2.699567e-01
2.450000e-01 2.710196e-01
2.460000e-01 2.720820e-01
2.470000e-01 2.731438e-01
2.480000e-01 2.742052e-01
2.490000e-01 2.752660e-01
2.500000e-01 2.763263e-01
2.510000e-01 2.773860e-01
2.520000e-01 2.784452e-01
2.530000e-01 2.795039e-01
2.540000e-01 2.805621e-01
2.550000e-01 2.816197e-01
2.560000e-01 2.826767e-01
2.570000e-01 2.837333e-01
2.580000e-01 2.847893e-01
2.590000e-01 2.858447e-01
2.600000e-01 2.868996e-01
2.610000e-01 2.879539e-01
2.620000e-01 2.890077e-01
2.630000e-01 2.900610e-01
2.640000e-01 2.911137e-01
2.650000e-01 2.921658e-01
2.660000e-01 2.932174e-01
2.670000e-01 2.942684e-01
2.680000e-01 2.953189e-01
2.690000e-01 2.963688e-01
2.700000e-01 2.974181e-01
2.710000e-01 2.984669e-01
2.720000e-01 2.995151e-01
2.730000e-01 3.005627e-01
2.740000e-01 3.016097e-01
2.750000e-01 3.026562e-01
2.760000e-01 3.037021e-01
2.770000e-01 3.047475e-01
2.780000e-01 3.057922e-01
2.790000e-01 3.068364e-01
2.800000e-01 3.078800e-01
2.810000e-01 3.089230e-01
2.820000e-01 3.099654e-01
2.830000e-01 3.110072e-01
2.840000e-01 3.120485e-01
2.850000e-01 3.130891e-01
2.860000e-01 3.141292e-01
2.870000e-01 3.151686e-01
2.880000e-01 3.162075e-01
2.890000e-01 3.172457e-01
2.900000e-01 3.182834e-01
2.910000e-01 3.193205e-01
2.920000e-01 3.203569e-01
2.930000e-01 3.213928e-01
2.940000e-01 3.224280e-01
2.950000e-01 3.234627e-01
2.960000e-01 3.244967e-01
2.970000e-01 3.255301e-01
2.980000e-01 3.265629e-01
2.990000e-01 3.275951e-01
3.000000e-01 3.286267e-01
3.010000e-01 3.296576e-01
3.020000e-01 3.306880e-01
3.030000e-01 3.317177e-01
3.040000e-01 3.327468e-01
3.050000e-01 3.337752e-01
3.060000e-01 3.348031e-01
3.070000e-01 3.358303e-01
3.080000e-01 3.368568e-01
3.090000e-01 3.378828e-01
3.100000e-01 3.389081e-01
3.110000e-01 3.399328e-01
3.120000e-01 3.409568e-01
3.130000e-01 3.419802e-01
3.140000e-01 3.430029e-01
3.150000e-01 3.440251e-01
3.160000e-01 3.450465e-01
3.170000e-01 3.460674e-01
3.180000e-01 3.470875e-01
3.190000e-01 3.481071e-01
3.200000e-01 3.491259e-01
3.210000e-01 3.501442e-01
3.220000e-01 3.511617e-01
3.230000e-01 3.521787e-01
3.240000e-01 3.531949e-01
3.250000e-01 3.542105e-01
3.260000e-01 3.552255e-01
3.270000e-01 3.562398e-01
3.280000e-01 3.572534e-01
3.290000e-01 3.582663e-01
3.300000e-01 3.592786e-01
3.310000e-01 3.602902e-01
3.320000e-01 3.613012e-01
3.330000e-01 3.623115e-01
3.340000e-01 3.633211e-01
3.350000e-01 3.643300e-01
3.360000e-01 3.653383e-01
3.370000e-01 3.663459e-01
3.380000e-01 3.673528e-01
3.390000e-01 3.683590e-01
3.400000e-01 3.693645e-01
3.410000e-01 3.703694e-01
3.420000e-01 3.713735e-01
3.430000e-01 3.723770e-01
3.440000e-01 3.733798e-01
3.450000e-01 3.743819e-01
3.460000e-01 3.753833e-01
3.470000e-01 3.763841e-01
3.480000e-01 3.773841e-01
3.490000e-01 3.783834e-01
3.500000e-01 3.793821e-01
3.510000e-01 3.803800e-01
3.520000e-01 3.813772e-01
3.530000e-01 3.823738e-01
3.540000e-01 3.833696e-01
3.550000e-01 3.843647e-01
3.560000e-01 3.853591e-01
3.570000e-01 3.863528e-01
3.580000e-01 3.873458e-01
3.590000e-01 3.883381e-01
3.600000e-01 3.893297e-01
3.610000e-01 3.903206e-01
3.620000e-01 3.913107e-01
3.630000e-01 3.923002e-01
3.640000e-01 3.932889e-01
3.650000e-01 3.942769e-01
3.660000e-01 3.952641e-01
3.670000e-01 3.962507e-01
3.680000e-01 3.972365e-01
3.690000e-01 3.982216e-01
3.700000e-01 3.992060e-01
3.710000e-01 4.001897e-01
3.720000e-01 4.011726e-01
3.730000e-01 4.021548e-01
3.740000e-01 4.031362e-01
3.750000e-01 4.041169e-01
3.760000e-01 4.050969e-01
3.770000e-01 4.060762e-01
3.780000e-01 4.070547e-01
3.790000e-01 4.080325e-01
3.800000e-01 4.090095e-01
3.810000e-01 4.099858e-01
3.820000e-01 4.109613e-01
3.830000e-01 4.119361e-01
3.840000e-01 4.129102e-01
3.850000e-01 4.138835e-01
3.860000e-01 4.148560e-01
3.870000e-01 4.158279e-01
3.880000e-01 4.167989e-01
3.890000e-01 4.177692e-01
3.900000e-01 4.187388e-01
3.910000e-01 4.197075e-01
3.920000e-01 4.206756e-01
3.930000e-01 4.216429e-01
3.940000e-01 4.226094e-01
3.950000e-01 4.235751e-01
3.960000e-01 4.245401e-01
3.970000e-01 4.255043e-01
3.980000e-01 4.264678e-01
3.990000e-01 4.274305e-01
4.000000e-01 4.283924e-01
4.010000e-01 4.293536e-01
4.020000e-01 4.303140e-01
4.030000e-01 4.312736e-01
4.040000e-01 4.322324e-01
4.050000e-01 4.331905e-01
4.060000e-01 4.341478e-01
4.070000e-01 4.351043e-01
4.080000e-01 4.360600e-01
4.090000e-01 4.370150e-01
4.100000e-01 4.379692e-01
4.110000e-01 4.389226e-01
4.120000e-01 4.398752e-01
4.130000e-01 4.408270e-01
4.140000e-01 4.417780e-01
4.150000e-01 4.427283e-01
4.160000e-01 4.436778e-01
4.170000e-01 4.446264e-01
4.180000e-01 4.455743e-01
4.190000e-01 4.465214e-01
4.200000e-01 4.474677e-01
4.210000e-01 4.484132e-01
4.220000e-01 4.493579e-01
4.230000e-01 4.503018e-01
4.240000e-01 4.512449e-01
4.250000e-01 4.521873e-01
4.260000e-01 4.531288e-01
4.270000e-01 4.540695e-01
4.280000e-01 4.550094e-01
4.290000e-01 4.559485e-01
4.300000e-01 4.568868e-01
4.310000e-01 4.578243e-01
4.320000e-01 4.587610e-01
4.330000e-01 4.596968e-01
4.340000e-01 4.606319e-01
4.350000e-01 4.615662e-01
4.360000e-01 4.624996e-01
4.370000e-01 4.634322e-01
4.380000e-01 4.643640e-01
4.390000e-01 4.652950e-01
4.400000e-01 4.662252e-01
4.410000e-01 4.671546e-01
4.420000e-01 4.680831e-01
4.430000e-01 4.690109e-01
4.440000e-01 4.699378e-01
4.450000e-01 4.708638e-01
4.460000e-01 4.717891e-01
4.470000e-01 4.727135e-01
4.480000e-01 4.736371e-01
4.490000e-01 4.745599e-01
4.500000e-01 4.754818e-01
4.510000e-01 4.764030e-01
4.520000e-01 4.773232e-01
4.530000e-01 4.782427e-01
4.540000e-01 4.791613e-01
4.550000e-01 4.800791e-01
4.560000e-01 4.809961e-01
4.570000e-01 4.819122e-01
4.580000e-01 4.828275e-01
4.590000e-01 4.837419e-01
4.600000e-01 4.846555e-01
4.610000e-01 4.855683e-01
4.620000e-01 4.864802e-01
4.630000e-01 4.873913e-01
4.640000e-01 4.883015e-01
4.650000e-01 4.892109e-01
4.660000e-01 4.901195e-01
4.670000e-01 4.910272e-01
4.680000e-01 4.919340e-01
4.690000e-01 4.928400e-01
4.700000e-01 4.937452e-01
4.710000e-01 4.946495e-01
4.720000e-01 4.955529e-01
4.730000e-01 4.964555e-01
4.740000e-01 4.973573e-01
4.750000e-01 4.982582e-01
4.760000e-01 4.991582e-01
4.770000e-01 5.000574e-01
4.780000e-01 5.009557e-01
4.790000e-01 5.018532e-01
4.800000e-01 5.027498e-01
4.810000e-01 5.036456e-01
4.820000e-01 5.045404e-01
4.830000e-01 5.054345e-01
4.840000e-01 5.063276e-01
4.850000e-01 5.072199e-01
4.860000e-01 5.081113e-01
4.870000e-01 5.090019e-01
4.880000e-01 5.098916e-01
4.890000e-01 5.107804e-01
4.900000e-01 5.116684e-01
4.910000e-01 5.125555e-01
4.920000e-01 5.134417e-01
4.930000e-01 5.143271e-01
4.940000e-01 5.152115e-01
4.950000e-01 5.160951e-01
4.960000e-01 5.169779e-01
4.970000e-01 5.178597e-01
4.980000e-01 5.187407e-01
4.990000e-01 5.196208e-01
5.000000e-01 5.205000e-01
5.010000e-01 5.213784e-01
5.020000e-01 5.222558e-01
5.030000e-01 5.231324e-01
5.040000e-01 5.240081e-01
5.050000e-01 5.248829e-01
5.060000e-01 5.257569e-01
5.070000e-01 5.266299e-01
5.080000e-01 5.275021e-01
5.090000e-01 5.283734e-01
5.100000e-01 5.292438e-01
5.110000e-01 5.301133e-01
5.120000e-01 5.309819e-01
5.130000e-01 5.318496e-01
5.140000e-01 5.327165e-01
5.150000e-01 5.335824e-01
5.160000e-01 5.344475e-01
5.170000e-01 5.353116e-01
5.180000e-01 5.361749e-01
5.190000e-01 5.370373e-01
5.200000e-01 5.378988e-01
5.210000e-01 5.387594e-01
5.220000e-01 5.396191e-01
5.230000e-01 5.404778e-01
5.240000e-01 5.413357e-01
5.250000e-01 5.421927e-01
5.260000e-01 5.430488e-01
5.270000e-01 5.439040e-01
5.280000e-01 5.447583e-01
5.290000e-01 5.456117e-01
5.300000e-01 5.464642e-01
5.310000e-01 5.473158e-01
5.320000e-01 5.481665e-01
5.330000e-01 5.490163e-01
5.340000e-01 5.498652e-01
5.350000e-01 5.507131e-01
5.360000e-01 5.515602e-01
5.370000e-01 5.524064e-01
5.380000e-01 5.532516e-01
5.390000e-01 5.540960e-01
5.400000e-01 5.549394e-01
5.410000e-01 5.557819e-01
5.420000e-01 5.566235e-01
5.430000e-01 5.574642e-01
5.440000e-01 5.583040e-01
5.450000e-01 5.591429e-01
5.460000e-01 5.599808e-01
5.470000e-01 5.608179e-01
5.480000e-01 5.616540e-01
5.490000e-01 5.624892e-01
5.500000e-01 5.633235e-01
5.510000e-01 5.641569e-01
5.520000e-01 5.649893e-01
5.530000e-01 5.658209e-01
5.540000e-01 5.666515e-01
5.550000e-01 5.674812e-01
5.560000e-01 5.683100e-01
5.570000e-01 5.691378e-01
5.580000e-01 5.699648e-01
5.590000e-01 5.707908e-01
5.600000e-01 5.716159e-01
5.610000e-01 5.724401e-01
5.620000e-01 5.732633e-01
5.630000e-01 5.740856e-01
5.640000e-01 5.749070e-01
5.650000e-01 5.757275e-01
5.660000e-01 5.765470e-01
5.670000e-01 5.773656e-01
5.680000e-01 5.781833e-01
5.690000e-01 5.790001e-01
5.700000e-01 5.798159e-01
5.710000e-01 5.806308e-01
5.720000e-01 5.814448e-01
5.730000e-01 5.822578e-01
5.740000e-01 5.830699e-01
5.750000e-01 5.838811e-01
5.760000e-01 5.846914e-01
5.770000e-01 5.855007e-01
5.780000e-01 5.863091e-01
5.790000e-01 5.871165e-01
5.800000e-01 5.879230e-01
5.810000e-01 5.887286e-01
5.820000e-01 5.895332e-01
5.830000e-01 5.903369e-01
5.840000e-01 5.911397e-01
5.850000e-01 5.919415e-01
5.860000e-01 5.927424e-01
5.870000e-01 5.935424e-01
5.880000e-01 5.943414e-01
5.890000e-01 5.951395e-01
5.900000e-01 5.959366e-01
5.910000e-01 5.967328e-01
5.920000e-01 5.975281e-01
5.930000e-01 5.983224e-01
5.940000e-01 5.991157e-01
5.950000e-01 5.999082e-01
5.960000e-01 6.006997e-01
5.970000e-01 6.014902e-01
5.980000e-01 6.022798e-01
5.990000e-01 6.030685e-01
6.000000e-01 6.038562e-01
6.010000e-01 6.046430e-01
6.020000e-01 6.054288e-01
6.030000e-01 6.062137e-01
6.040000e-01 6.069976e-01
6.050000e-01 6.077806e-01
6.060000e-01 6.085626e-01
6.070000e-01 6.093437e-01
6.080000e-01 6.101239e-01
6.090000e-01 6.109031e-01
6.100000e-01 6.116813e-01
6.110000e-01 6.124586e-01
6.120000e-01 6.132350e-01
6.130000e-01 6.140104e-01
6.140000e-01 6.147848e-01
6.150000e-01 6.155583e-01
6.160000e-01 6.163309e-01
6.170000e-01 6.171025e-01
6.180000e-01 6.178731e-01
6.190000e-01 6.186428e-01
6.200000e-01 6.194115e-01
6.210000e-01 6.201793e-01
6.220000e-01 6.209462e-01
6.230000e-01 6.217120e-01
6.240000e-01 6.224770e-01
6.250000e-01 6.232410e-01
6.260000e-01 6.240040e-01
6.270000e-01 6.247660e-01
6.280000e-01 6.255272e-01
6.290000e-01 6.262873e-01
6.300000e-01 6.270465e-01
6.310000e-01 6.278048e-01
6.320000e-01 6.285620e-01
6.330000e-01 6.293184e-01
6.340000e-01 6.300737e-01
6.350000e-01 6.308282e-01
6.360000e-01 6.315816e-01
6.370000e-01 6.323341e-01
6.380000e-01 6.330857e-01
6.390000e-01 6.338363e-01
6.400000e-01 6.345859e-01
6.410000e-01 6.353346e-01
6.420000e-01 6.360823e-01
6.430000e-01 6.368290e-01
6.440000e-01 6.375748e-01
6.450000e-01 6.383196e-01
6.460000e-01 6.390635e-01
6.470000e-01 6.398064e-01
6.480000e-01 6.405484e-01
6.490000e-01 6.412893e-01
6.500000e-01 6.420294e-01
6.510000e-01 6.427684e-01
6.520000e-01 6.435065e-01
6.530000e-01 6.442437e-01
6.540000e-01 6.449799e-01
6.550000e-01 6.457151e-01
6.560000e-01 6.464493e-01
6.570000e-01 6.471826e-01
6.580000e-01 6.479150e-01
6.590000e-01 6.486463e-01
6.600000e-01 6.493767e-01
6.610000e-01 6.501062e-01
6.620000e-01 6.508346e-01
6.630000e-01 6.515621e-01
6.640000e-01 6.522887e-01
6.650000e-01 6.530143e-01
6.660000e-01 6.537389e-01
6.670000e-01 6.544626e-01
6.680000e-01 6.551852e-01
6.690000e-01 6.559070e-01
6.700000e-01 6.566277e-01
6.710000e-01 6.573475e-01
6.720000e-01 6.580663e-01
6.730000e-01 6.587842e-01
6.740000e-01 6.595011e-01
6.750000e-01 6.602170e-01
6.760000e-01 6.609320e-01
6.770000e-01 6.616460e-01
6.780000e-01 6.623590e-01
6.790000e-01 6.630711e-01
6.800000e-01 6.637822e-01
6.810000e-01 6.644923e-01
6.820000e-01 6.652015e-01
6.830000e-01 6.659097e-01
6.840000e-01 6.666170e-01
6.850000e-01 6.673232e-01
6.860000e-01 6.680285e-01
6.870000e-01 6.687329e-01
6.880000e-01 6.694362e-01
6.890000e-01 6.701386e-01
6.900000e-01 6.708401e-01
6.910000e-01 6.715405e-01
6.920000e-01 6.722400e-01
6.930000e-01 6.729386e-01
6.940000e-01 6.736361e-01
6.950000e-01 6.743327e-01
6.960000e-01 6.750283e-01
6.970000e-01 6.757230e-01
6.980000e-01 6.764167e-01
6.990000e-01 6.771094e-01
7.000000e-01 6.778012e-01
7.010000e-01 6.784920e-01
7.020000e-01 6.791818e-01
7.030000e-01 6.798706e-01
7.040000e-01 6.805585e-01
7.050000e-01 6.812455e-01
7.060000e-01 6.819314e-01
7.070000e-01 6.826164e-01
7.080000e-01 6.833004e-01
7.090000e-01 6.839834e-01
7.100000e-01 6.846655e-01
7.110000e-01 6.853466e-01
7.120000e-01 6.860268e-01
7.130000e-01 6.867060e-01
7.140000e-01 6.873842e-01
7.150000e-01 6.880614e-01
7.160000e-01 6.887377e-01
7.170000e-01 6.894130e-01
7.180000e-01 6.900873e-01
7.190000e-01 6.907607e-01
7.200000e-01 6.914331e-01
7.210000e-01 6.921045e-01
7.220000e-01 6.927750e-01
7.230000e-01 6.934445e-01
7.240000e-01 6.941130e-01
7.250000e-01 6.947806e-01
7.260000e-01 6.954472e-01
7.270000e-01 6.961128e-01
7.280000e-01 6.967775e-01
7.290000e-01 6.974412e-01
7.300000e-01 6.981039e-01
7.310000e-01 6.987657e-01
7.320000e-01 6.994265e-01
7.330000e-01 7.000863e-01
7.340000e-01 7.007451e-01
7.350000e-01 7.014030e-01
7.360000e-01 7.020600e-01
7.370000e-01 7.027159e-01
7.380000e-01 7.033709e-01
7.390000e-01 7.040250e-01
7.400000e-01 7.046780e-01
7.410000e-01 7.053301e-01
7.420000e-01 7.059813e-01
7.430000e-01 7.066314e-01
7.440000e-01 7.072806e-01
7.450000e-01 7.079289e-01
7.460000e-01 7.085761e-01
7.470000e-01 7.092224e-01
7.480000e-01 7.098678e-01
7.490000e-01 7.105122e-01
7.500000e-01 7.111556e-01
7.510000e-01 7.117980e-01
7.520000e-01 7.124395e-01
7.530000e-01 7.130800e-01
7.540000e-01 7.137196e-01
7.550000e-01 7.143582e-01
7.560000e-01 7.149958e-01
7.570000e-01 7.156325e-01
7.580000e-01 7.162682e-01
7.590000e-01 7.169029e-01
7.600000e-01 7.175367e-01
7.610000e-01 7.181695e-01
7.620000e-01 7.188013e-01
7.630000e-01 7.194322e-01
7.640000e-01 7.200622e-01
7.650000e-01 7.206911e-01
7.660000e-01 7.213191e-01
7.670000e-01 7.219462e-01
7.680000e-01 7.225723e-01
7.690000e-01 7.231974e-01
7.700000e-01 7.238215e-01
7.710000e-01 7.244447e-01
7.720000e-01 7.250670e-01
7.730000e-01 7.256882e-01
7.740000e-01 7.263086e-01
7.750000e-01 7.269279e-01
7.760000e-01 7.275463e-01
7.770000e-01 7.281638e-01
7.780000e-01 7.287803e-01
7.790000e-01 7.293958e-01
7.800000e-01 7.300103e-01
7.810000e-01 7.306239e-01
7.820000e-01 7.312366e-01
7.830000e-01 7.318483e-01
7.840000e-01 7.324590e-01
7.850000e-01 7.330688e-01
7.860000e-01 7.336776e-01
7.870000e-01 7.342855e-01
7.880000e-01 7.348924e-01
7.890000e-01 7.354984e-01
7.900000e-01 7.361034e-01
7.910000e-01 7.367074e-01
7.920000e-01 7.373105e-01
7.930000e-01 7.379126e-01
7.940000e-01 7.385138e-01
7.950000e-01 7.391140e-01
7.960000e-01 7.397133e-01
7.970000e-01 7.403116e-01
7.980000e-01 7.409090e-01
7.990000e-01 7.415054e-01
8.000000e-01 7.421009e-01
8.010000e-01 7.426954e-01
8.020000e-01 7.432889e-01
8.030000e-01 7.438815e-01
8.040000e-01 7.444732e-01
8.050000e-01 7.450639e-01
8.060000e-01 7.456536e-01
8.070000e-01 7.462425e-01
8.080000e-01 7.468303e-01
8.090000e-01 7.474172e-01
8.100000e-01 7.480032e-01
8.110000e-01 7.485882e-01
8.120000e-01 7.491722e-01
8.130000e-01 7.497554e-01
8.140000e-01 7.503375e-01
8.150000e-01 7.509187e-01
8.160000e-01 7.514990e-01
8.170000e-01 7.520783e-01
8.180000e-01 7.526567e-01
8.190000e-01 7.532341e-01
8.200000e-01 7.538106e-01
8.210000e-01 7.543862e-01
8.220000e-01 7.549608e-01
8.230000e-01 7.555344e-01
8.240000e-01 7.561071e-01
8.250000e-01 7.566789e-01
8.260000e-01 7.572497e-01
8.270000e-01 7.578196e-01
8.280000e-01 7.583886e-01
8.290000e-01 7.589566e-01
8.300000e-01 7.595236e-01
8.310000e-01 7.600898e-01
8.320000e-01 7.606549e-01
8.330000e-01 7.612192e-01
8.340000e-01 7.617825e-01
8.350000e-01 7.623448e-01
8.360000e-01 7.629063e-01
8.370000e-01 7.634667e-01
8.380000e-01 7.640263e-01
8.390000e-01 7.645849e-01
8.400000e-01 7.651426e-01
8.410000e-01 7.656993e-01
8.420000e-01 7.662551e-01
8.430000e-01 7.668100e-01
8.440000e-01 7.673639e-01
8.450000e-01 7.679169e-01
8.460000e-01 7.684690e-01
8.470000e-01 7.690201e-01
8.480000e-01 7.695703e-01
8.490000e-01 7.701196e-01
8.500000e-01 7.706679e-01
8.510000e-01 7.712153e-01
8.520000e-01 7.717618e-01
8.530000e-01 7.723073e-01
8.540000e-01 7.728520e-01
8.550000e-01 7.733956e-01
8.560000e-01 7.739384e-01
8.570000e-01 7.744802e-01
8.580000e-01 7.750211e-01
8.590000e-01 7.755611e-01
8.600000e-01 7.761001e-01
8.610000e-01 7.766383e-01
8.620000e-01 7.771754e-01
8.630000e-01 7.777117e-01
8.640000e-01 7.782471e-01
8.650000e-01 7.787815e-01
8.660000e-01 7.793150e-01
8.670000e-01 7.798475e-01
8.680000e-01 7.803792e-01
8.690000e-01 7.809099e-01
8.700000e-01 7.814397e-01
8.710000e-01 7.819686e-01
8.720000e-01 7.824966e-01
8.730000e-01 7.830236e-01
8.740000e-01 7.835497e-01
8.750000e-01 7.840749e-01
8.760000e-01 7.845992e-01
8.770000e-01 7.851226e-01
8.780000e-01 7.856450e-01
8.790000e-01 7.861666e-01
8.800000e-01 7.866872e-01
8.810000e-01 7.872069e-01
8.820000e-01 7.877257e-01
8.830000e-01 7.882435e-01
8.840000e-01 7.887605e-01
8.850000e-01 7.892766e-01
8.860000e-01 7.897917e-01
8.870000e-01 7.903059e-01
8.880000e-01 7.908192e-01
8.890000e-01 7.913316e-01
8.900000e-01 7.918431e-01
8.910000e-01 7.923537e-01
8.920000e-01 7.928634e-01
8.930000e-01 7.933721e-01
8.940000e-01 7.938800e-01
8.950000e-01 7.943869e-01
8.960000e-01 7.948930e-01
8.970000e-01 7.953981e-01
8.980000e-01 7.959023e-01
8.990000e-01 7.964057e-01
9.000000e-01 7.969081e-01
9.010000e-01 7.974096e-01
9.020000e-01 7.979102e-01
9.030000e-01 7.984099e-01
9.040000e-01 7.989087e-01
9.050000e-01 7.994066e-01
9.060000e-01 7.999036e-01
9.070000e-01 8.003998e-01
9.080000e-01 8.008950e-01
9.090000e-01 8.013893e-01
9.100000e-01 8.018827e-01
9.110000e-01 8.023752e-01
9.120000e-01 8.028668e-01
9.130000e-01 8.033575e-01
9.140000e-01 8.038474e-01
9.150000e-01 8.043363e-01
9.160000e-01 8.048244e-01
9.170000e-01 8.053115e-01
9.180000e-01 8.057978e-01
9.190000e-01 8.062831e-01
9.200000e-01 8.067676e-01
9.210000e-01 8.072512e-01
9.220000e-01 8.077339e-01
9.230000e-01 8.082157e-01
9.240000e-01 8.086966e-01
9.250000e-01 8.091766e-01
9.260000e-01 8.096557e-01
9.270000e-01 8.101340e-01
9.280000e-01 8.106113e-01
9.290000e-01 8.110878e-01
9.300000e-01 8.115634e-01
9.310000e-01 8.120381e-01
9.320000e-01 8.125120e-01
9.330000e-01 8.129849e-01
9.340000e-01 8.134570e-01
9.350000e-01 8.139282e-01
9.360000e-01 8.143985e-01
9.370000e-01 8.148679e-01
9.380000e-01 8.153364e-01
9.390000e-01 8.158041e-01
9.400000e-01 8.162709e-01
9.410000e-01 8.167368e-01
9.420000e-01 8.172018e-01
9.430000e-01 8.176660e-01
9.440000e-01 8.181293e-01
9.450000e-01 8.185917e-01
9.460000e-01 8.190532e-01
9.470000e-01 8.195139e-01
9.480000e-01 8.199737e-01
9.490000e-01 8.204326e-01
9.500000e-01 8.208907e-01
9.510000e-01 8.213479e-01
9.520000e-01 8.218042e-01
9.530000e-01 8.222596e-01
9.540000e-01 8.227142e-01
9.550000e-01 8.231679e-01
9.560000e-01 8.236208e-01
9.570000e-01 8.240728e-01
9.580000e-01 8.245239e-01
9.590000e-01 8.249741e-01
9.600000e-01 8.254235e-01
9.610000e-01 8.258721e-01
9.620000e-01 8.263197e-01
9.630000e-01 8.267665e-01
9.640000e-01 8.272125e-01
9.650000e-01 8.276576e-01
9.660000e-01 8.281018e-01
9.670000e-01 8.285452e-01
9.680000e-01 8.289877e-01
9.690000e-01 8.294294e-01
9.700000e-01 8.298702e-01
9.710000e-01 8.303101e-01
9.720000e-01 8.307492e-01
9.730000e-01 8.311875e-01
9.740000e-01 8.316249e-01
9.750000e-01 8.320614e-01
9.760000e-01 8.324971e-01
9.770000e-01 8.329319e-01
9.780000e-01 8.333659e-01
9.790000e-01 8.337991e-01
9.800000e-01 8.342314e-01
9.810000e-01 8.346628e-01
9.820000e-01 8.350935e-01
9.830000e-01 8.355232e-01
9.840000e-01 8.359521e-01
9.850000e-01 8.363802e-01
9.860000e-01 8.368074e-01
9.870000e-01 8.372338e-01
9.880000e-01 8.376594e-01
9.890000e-01 8.380841e-01
9.900000e-01 8.385080e-01
9.910000e-01 8.389310e-01
9.920000e-01 8.393532e-01
9.930000e-01 8.397745e-01
9.940000e-01 8.401951e-01
9.950000e-01 8.406148e-01
9.960000e-01 8.410336e-01
9.970000e-01 8.414516e-01
9.980000e-01 8.418688e-01
9.990000e-01 8.422852e-01
1.000000e+00 8.427007e-01
1.001000e+00 8.431154e-01
1.002000e+00 8.435292e-01
1.003000e+00 8.439423e-01
1.004000e+00 8.443545e-01
1.005000e+00 8.447659e-01
1.006000e+00 8.451764e-01
1.007000e+00 8.455862e-01
1.008000e+00 8.459951e-01
1.009000e+00 8.464031e-01
1.010000e+00 8.468104e-01
1.011000e+00 8.472168e-01
1.012000e+00 8.476225e-01
1.013000e+00 8.480272e-01
1.014000e+00 8.484312e-01
1.015000e+00 8.488344e-01
1.016000e+00 8.492367e-01
1.017000e+00 8.496382e-01
1.018000e+00 8.500390e-01
1.019000e+00 8.504388e-01
1.020000e+00 8.508379e-01
1.021000e+00 8.512362e-01
1.022000e+00 8.516336e-01
1.023000e+00 8.520303e-01
1.024000e+00 8.524261e-01
1.025000e+00 8.528211e-01
1.026000e+00 8.532154e-01
1.027000e+00 8.536088e-01
1.028000e+00 8.540014e-01
1.029000e+00 8.543931e-01
1.030000e+00 8.547841e-01
1.031000e+00 8.551743e-01
1.032000e+00 8.555637e-01
1.033000e+00 8.559523e-01
1.034000e+00 8.563400e-01
1.035000e+00 8.567270e-01
1.036000e+00 8.571132e-01
1.037000e+00 8.574985e-01
1.038000e+00 8.578831e-01
1.039000e+00 8.582669e-01
1.040000e+00 8.586499e-01
1.041000e+00 8.590321e-01
1.042000e+00 8.594134e-01
1.043000e+00 8.597940e-01
1.044000e+00 8.601738e-01
1.045000e+00 8.605528e-01
1.046000e+00 8.609311e-01
1.047000e+00 8.613085e-01
1.048000e+00 8.616851e-01
1.049000e+00 8.620610e-01
1.050000e+00 8.624360e-01
1.051000e+00 8.628103e-01
1.052000e+00 8.631838e-01
1.053000e+00 8.635565e-01
1.054000e+00 8.639284e-01
1.055000e+00 8.642996e-01
1.056000e+00 8.646699e-01
1.057000e+00 8.650395e-01
1.058000e+00 8.654083e-01
1.059000e+00 8.657763e-01
1.060000e+00 8.661435e-01
1.061000e+00 8.665100e-01
1.062000e+00 8.668757e-01
1.063000e+00 8.672406e-01
1.064000e+00 8.676047e-01
1.065000e+00 8.679680e-01
1.066000e+00 8.683306e-01
1.067000e+00 8.686924e-01
1.068000e+00 8.690535e-01
1.069000e+00 8.694137e-01
1.070000e+00 8.697732e-01
1.071000e+00 8.701320e-01
1.072000e+00 8.704899e-01
1.073000e+00 8.708471e-01
1.074000e+00 8.712036e-01
1.075000e+00 8.715592e-01
1.076000e+00 8.719141e-01
1.077000e+00 8.722683e-01
1.078000e+00 8.726216e-01
1.079000e+00 8.729743e-01
1.080000e+00 8.733261e-01
1.081000e+00 8.736772e-01
1.082000e+00 8.740275e-01
1.083000e+00 8.743771e-01
1.084000e+00 8.747260e-01
1.085000e+00 8.750740e-01
1.086000e+00 8.754213e-01
1.087000e+00 8.757679e-01
1.088000e+00 8.761137e-01
1.089000e+00 8.764588e-01
1.090000e+00 8.768031e-01
1.091000e+00 8.771466e-01
1.092000e+00 8.774894e-01
1.093000e+00 8.778315e-01
1.094000e+00 8.781728e-01
1.095000e+00 8.785134e-01
1.096000e+00 8.788532e-01
1.097000e+00 8.791923e-01
1.098000e+00 8.795306e-01
1.099000e+00 8.798682e-01
1.100000e+00 8.802050e-01
1.101000e+00 8.805412e-01
1.102000e+00 8.808765e-01
1.103000e+00 8.812112e-01
1.104000e+00 8.815451e-01
1.105000e+00 8.818782e-01
1.106000e+00 8.822106e-01
1.107000e+00 8.825423e-01
1.108000e+00 8.828733e-01
1.109000e+00 8.832035e-01
1.110000e+00 8.835330e-01
1.111000e+00 8.838618e-01
1.112000e+00 8.841898e-01
1.113000e+00 8.845171e-01
1.114000e+00 8.848437e-01
1.115000e+00 8.851695e-01
1.116000e+00 8.854946e-01
1.117000e+00 8.858190e-01
1.118000e+00 8.861427e-01
1.119000e+00 8.864657e-01
1.120000e+00 8.867879e-01
1.121000e+00 8.871094e-01
1.122000e+00 8.874302e-01
1.123000e+00 8.877502e-01
1.124000e+00 8.880696e-01
1.125000e+00 8.883882e-01
1.126000e+00 8.887061e-01
1.127000e+00 8.890233e-01
1.128000e+00 8.893398e-01
1.129000e+00 8.896556e-01
1.130000e+00 8.899707e-01
1.131000e+00 8.902850e-01
1.132000e+00 8.905987e-01
1.133000e+00 8.909116e-01
1.134000e+00 8.912238e-01
1.135000e+00 8.915353e-01
1.136000e+00 8.918461e-01
1.137000e+00 8.921562e-01
1.138000e+00 8.924656e-01
1.139000e+00 8.927743e-01
1.140000e+00 8.930823e-01
1.141000e+00 8.933896e-01
1.142000e+00 8.936962e-01
1.143000e+00 8.940021e-01
1.144000e+00 8.943073e-01
1.145000e+00 8.946118e-01
1.146000e+00 8.949156e-01
1.147000e+00 8.952187e-01
1.148000e+00 8.955211e-01
1.149000e+00 8.958228e-01
1.150000e+00 8.961239e-01
1.151000e+00 8.964242e-01
1.152000e+00 8.967238e-01
1.153000e+00 8.970228e-01
1.154000e+00 8.973211e-01
1.155000e+00 8.976186e-01
1.156000e+00 8.979155e-01
1.157000e+00 8.982117e-01
1.158000e+00 8.985072e-01
1.159000e+00 8.988021e-01
1.160000e+00 8.990962e-01
1.161000e+00 8.993897e-01
1.162000e+00 8.996825e-01
1.163000e+00 8.999746e-01
1.164000e+00 9.002660e-01
1.165000e+00 9.005568e-01
1.166000e+00 9.008469e-01
1.167000e+00 9.011363e-01
1.168000e+00 9.014250e-01
1.169000e+00 9.017131e-01
1.170000e+00 9.020004e-01
1.171000e+00 9.022871e-01
1.172000e+00 9.025732e-01
1.173000e+00 9.028586e-01
1.174000e+00 9.031433e-01
1.175000e+00 9.034273e-01
1.176000e+00 9.037107e-01
1.177000e+00 9.039934e-01
1.178000e+00 9.042754e-01
1.179000e+00 9.045568e-01
1.180000e+00 9.048375e-01
1.181000e+00 9.051175e-01
1.182000e+00 9.053969e-01
1.183000e+00 9.056756e-01
1.184000e+00 9.059537e-01
1.185000e+00 9.062311e-01
1.186000e+00 9.065079e-01
1.187000e+00 9.067840e-01
1.188000e+00 9.070594e-01
1.189000e+00 9.073342e-01
1.190000e+00 9.076083e-01
1.191000e+00 9.078818e-01
1.192000e+00 9.081547e-01
1.193000e+00 9.084268e-01
1.194000e+00 9.086984e-01
1.195000e+00 9.089693e-01
1.196000e+00 9.092395e-01
1.197000e+00 9.095091e-01
1.198000e+00 9.097781e-01
1.199000e+00 9.100464e-01
1.200000e+00 9.103140e-01
1.201000e+00 9.105811e-01
1.202000e+00 9.108474e-01
1.203000e+00 9.111132e-01
1.204000e+00 9.113783e-01
1.205000e+00 9.116428e-01
1.206000e+00 9.119066e-01
1.207000e+00 9.121698e-01
1.208000e+00 9.124324e-01
1.209000e+00 9.126943e-01
1.210000e+00 9.129556e-01
1.211000e+00 9.132162e-01
1.212000e+00 9.134763e-01
1.213000e+00 9.137357e-01
1.214000e+00 9.139944e-01
1.215000e+00 9.142526e-01
1.216000e+00 9.145101e-01
1.217000e+00 9.147670e-01
1.218000e+00 9.150233e-01
1.219000e+00 9.152789e-01
1.220000e+00 9.155340e-01
1.221000e+00 9.157884e-01
1.222000e+00 9.160421e-01
1.223000e+00 9.162953e-01
1.224000e+00 9.165478e-01
1.225000e+00 9.167998e-01
1.226000e+00 9.170511e-01
1.227000e+00 9.173018e-01
1.228000e+00 9.175519e-01
1.229000e+00 9.178013e-01
1.230000e+00 9.180502e-01
1.231000e+00 9.182984e-01
1.232000e+00 9.185461e-01
1.233000e+00 9.187931e-01
1.234000e+00 9.190395e-01
1.235000e+00 9.192853e-01
1.236000e+00 9.195305e-01
1.237000e+00 9.197751e-01
1.238000e+00 9.200191e-01
1.239000e+00 9.202625e-01
1.240000e+00 9.205053e-01
1.241000e+00 9.207475e-01
1.242000e+00 9.209890e-01
1.243000e+00 9.212300e-01
1.244000e+00 9.214704e-01
1.245000e+00 9.217102e-01
1.246000e+00 9.219494e-01
1.247000e+00 9.221880e-01
1.248000e+00 9.224260e-01
1.249000e+00 9.226634e-01
1.250000e+00 9.229002e-01
1.251000e+00 9.231364e-01
1.252000e+00 9.233721e-01
1.253000e+00 9.236071e-01
1.254000e+00 9.238416e-01
1.255000e+00 9.240755e-01
1.256000e+00 9.243087e-01
1.257000e+00 9.245414e-01
1.258000e+00 9.247736e-01
1.259000e+00 9.250051e-01
1.260000e+00 9.252360e-01
1.261000e+00 9.254664e-01
1.262000e+00 9.256962e-01
1.263000e+00 9.259254e-01
1.264000e+00 9.261540e-01
1.265000e+00 9.263821e-01
1.266000e+00 9.266096e-01
1.267000e+00 9.268365e-01
1.268000e+00 9.270628e-01
1.269000e+00 9.272886e-01
1.270000e+00 9.275137e-01
1.271000e+00 9.277383e-01
1.272000e+00 9.279624e-01
1.273000e+00 9.281859e-01
1.274000e+00 9.284088e-01
1.275000e+00 9.286311e-01
1.276000e+00 9.288529e-01
1.277000e+00 9.290741e-01
1.278000e+00 9.292947e-01
1.279000e+00 9.295148e-01
1.280000e+00 9.297343e-01
1.281000e+00 9.299533e-01
1.282000e+00 9.301716e-01
1.283000e+00 9.303895e-01
1.284000e+00 9.306068e-01
1.285000e+00 9.308235e-01
1.286000e+00 9.310396e-01
1.287000e+00 9.312552e-01
1.288000e+00 9.314703e-01
1.289000e+00 9.316848e-01
1.290000e+00 9.318987e-01
1.291000e+00 9.321121e-01
1.292000e+00 9.323250e-01
1.293000e+00 9.325373e-01
1.294000e+00 9.327490e-01
1.295000e+00 9.329602e-01
1.296000e+00 9.331709e-01
1.297000e+00 9.333810e-01
1.298000e+00 9.335906e-01
1.299000e+00 9.337996e-01
1.300000e+00 9.340081e-01
1.301000e+00 9.342160e-01
1.302000e+00 9.344234e-01
1.303000e+00 9.346303e-01
1.304000e+00 9.348366e-01
1.305000e+00 9.350424e-01
1.306000e+00 9.352476e-01
1.307000e+00 9.354523e-01
1.308000e+00 9.356565e-01
1.309000e+00 9.358601e-01
1.310000e+00 9.360632e-01
1.311000e+00 9.362658e-01
1.312000e+00 9.364679e-01
1.313000e+00 9.366694e-01
1.314000e+00 9.368704e-01
1.315000e+00 9.370708e-01
1.316000e+00 9.372708e-01
1.317000e+00 9.374702e-01
1.318000e+00 9.376691e-01
1.319000e+00 9.378674e-01
1.320000e+00 9.380653e-01
1.321000e+00 9.382626e-01
1.322000e+00 9.384594e-01
1.323000e+00 9.386557e-01
1.324000e+00 9.388514e-01
1.325000e+00 9.390467e-01
1.326000e+00 9.392414e-01
1.327000e+00 9.394356e-01
1.328000e+00 9.396293e-01
1.329000e+00 9.398225e-01
1.330000e+00 9.400152e-01
1.331000e+00 9.402073e-01
1.332000e+00 9.403990e-01
1.333000e+00 9.405901e-01
1.334000e+00 9.407807e-01
1.335000e+00 9.409708e-01
1.336000e+00 9.411604e-01
1.337000e+00 9.413496e-01
1.338000e+00 9.415382e-01
1.339000e+00 9.417263e-01
1.340000e+00 9.419138e-01
1.341000e+00 9.421009e-01
1.342000e+00 9.422875e-01
1.343000e+00 9.424736e-01
1.344000e+00 9.426592e-01
1.345000e+00 9.428443e-01
1.346000e+00 9.430289e-01
1.347000e+00 9.432130e-01
1.348000e+00 9.433966e-01
1.349000e+00 9.435797e-01
1.350000e+00 9.437623e-01
1.351000e+00 9.439445e-01
1.352000e+00 9.441261e-01
1.353000e+00 9.443072e-01
1.354000e+00 9.444879e-01
1.355000e+00 9.446680e-01
1.356000e+00 9.448477e-01
1.357000e+00 9.450269e-01
1.358000e+00 9.452056e-01
1.359000e+00 9.453838e-01
1.360000e+00 9.455616e-01
1.361000e+00 9.457388e-01
1.362000e+00 9.459156e-01
1.363000e+00 9.460919e-01
1.364000e+00 9.462677e-01
1.365000e+00 9.464430e-01
1.366000e+00 9.466179e-01
1.367000e+00 9.467923e-01
1.368000e+00 9.469662e-01
1.369000e+00 9.471396e-01
1.370000e+00 9.473125e-01
1.371000e+00 9.474850e-01
1.372000e+00 9.476570e-01
1.373000e+00 9.478286e-01
1.374000e+00 9.479996e-01
1.375000e+00 9.481702e-01
1.376000e+00 9.483403e-01
1.377000e+00 9.485100e-01
1.378000e+00 9.486792e-01
1.379000e+00 9.488479e-01
1.380000e+00 9.490162e-01
1.381000e+00 9.491840e-01
1.382000e+00 9.493513e-01
1.383000e+00 9.495182e-01
1.384000e+00 9.496846e-01
1.385000e+00 9.498505e-01
1.386000e+00 9.500160e-01
1.387000e+00 9.501811e-01
1.388000e+00 9.503456e-01
1.389000e+00 9.505098e-01
1.390000e+00 9.506734e-01
1.391000e+00 9.508366e-01
1.392000e+00 9.509994e-01
1.393000e+00 9.511617e-01
1.394000e+00 9.513236e-01
1.395000e+00 9.514850e-01
1.396000e+00 9.516459e-01
1.397000e+00 9.518064e-01
1.398000e+00 9.519665e-01
1.399000e+00 9.521261e-01
1.400000e+00 9.522853e-01
1.401000e+00 9.524440e-01
1.402000e+00 9.526023e-01
1.403000e+00 9.527601e-01
1.404000e+00 9.529175e-01
1.405000e+00 9.530744e-01
1.406000e+00 9.532309e-01
1.407000e+00 9.533870e-01
1.408000e+00 9.535426e-01
1.409000e+00 9.536978e-01
1.410000e+00 9.538526e-01
1.411000e+00 9.540069e-01
1.412000e+00 9.541608e-01
1.413000e+00 9.543142e-01
1.414000e+00 9.544673e-01
1.415000e+00 9.546198e-01
1.416000e+00 9.547720e-01
1.417000e+00 9.549237e-01
1.418000e+00 9.550750e-01
1.419000e+00 9.552259e-01
1.420000e+00 9.553763e-01
1.421000e+00 9.555263e-01
1.422000e+00 9.556759e-01
1.423000e+00 9.558251e-01
1.424000e+00 9.559738e-01
1.425000e+00 9.561221e-01
1.426000e+00 9.562700e-01
1.427000e+00 9.564175e-01
1.428000e+00 9.565645e-01
1.429000e+00 9.567112e-01
1.430000e+00 9.568574e-01
1.431000e+00 9.570032e-01
1.432000e+00 9.571486e-01
1.433000e+00 9.572935e-01
1.434000e+00 9.574381e-01
1.435000e+00 9.575822e-01
1.436000e+00 9.577259e-01
1.437000e+00 9.578692e-01
1.438000e+00 9.580121e-01
1.439000e+00 9.581546e-01
1.440000e+00 9.582967e-01
1.441000e+00 9.584384e-01
1.442000e+00 9.585796e-01
1.443000e+00 9.587205e-01
1.444000e+00 9.588609e-01
1.445000e+00 9.590010e-01
1.446000e+00 9.591406e-01
1.447000e+00 9.592799e-01
1.448000e+00 9.594187e-01
1.449000e+00 9.595571e-01
1.450000e+00 9.596952e-01
1.451000e+00 9.598328e-01
1.452000e+00 9.599700e-01
1.453000e+00 9.601069e-01
1.454000e+00 9.602433e-01
1.455000e+00 9.603793e-01
1.456000e+00 9.605150e-01
1.457000e+00 9.606502e-01
1.458000e+00 9.607851e-01
1.459000e+00 9.609196e-01
1.460000e+00 9.610536e-01
1.461000e+00 9.611873e-01
1.462000e+00 9.613206e-01
1.463000e+00 9.614535e-01
1.464000e+00 9.615860e-01
1.465000e+00 9.617182e-01
1.466000e+00 9.618499e-01
1.467000e+00 9.619813e-01
1.468000e+00 9.621122e-01
1.469000e+00 9.622428e-01
1.470000e+00 9.623730e-01
1.471000e+00 9.625029e-01
1.472000e+00 9.626323e-01
1.473000e+00 9.627614e-01
1.474000e+00 9.628900e-01
1.475000e+00 9.630183e-01
1.476000e+00 9.631463e-01
1.477000e+00 9.632738e-01
1.478000e+00 9.634010e-01
1.479000e+00 9.635278e-01
1.480000e+00 9.636542e-01
1.481000e+00 9.637802e-01
1.482000e+00 9.639059e-01
1.483000e+00 9.640312e-01
1.484000e+00 9.641561e-01
1.485000e+00 9.642807e-01
1.486000e+00 9.644049e-01
1.487000e+00 9.645287e-01
1.488000e+00 9.646522e-01
1.489000e+00 9.647753e-01
1.490000e+00 9.648980e-01
1.491000e+00 9.650203e-01
1.492000e+00 9.651423e-01
1.493000e+00 9.652640e-01
1.494000e+00 9.653852e-01
1.495000e+00 9.655061e-01
1.496000e+00 9.656267e-01
1.497000e+00 9.657469e-01
1.498000e+00 9.658667e-01
1.499000e+00 9.659862e-01
1.500000e+00 9.661053e-01
1.501000e+00 9.662240e-01
1.502000e+00 9.663424e-01
1.503000e+00 9.664605e-01
1.504000e+00 9.665781e-01
1.505000e+00 9.666955e-01
1.506000e+00 9.668125e-01
1.507000e+00 9.669291e-01
1.508000e+00 9.670454e-01
1.509000e+00 9.671613e-01
1.510000e+00 9.672769e-01
1.511000e+00 9.673921e-01
1.512000e+00 9.675070e-01
1.513000e+00 9.676215e-01
1.514000e+00 9.677357e-01
1.515000e+00 9.678495e-01
1.516000e+00 9.679630e-01
1.517000e+00 9.680762e-01
1.518000e+00 9.681890e-01
1.519000e+00 9.683015e-01
1.520000e+00 9.684136e-01
1.521000e+00 9.685254e-01
1.522000e+00 9.686368e-01
1.523000e+00 9.687480e-01
1.524000e+00 9.688587e-01
1.525000e+00 9.689692e-01
1.526000e+00 9.690793e-01
1.527000e+00 9.691890e-01
1.528000e+00 9.692985e-01
1.529000e+00 9.694076e-01
1.530000e+00 9.695163e-01
1.531000e+00 9.696247e-01
1.532000e+00 9.697328e-01
1.533000e+00 9.698406e-01
1.534000e+00 9.699481e-01
1.535000e+00 9.700552e-01
1.536000e+00 9.701619e-01
1.537000e+00 9.702684e-01
1.538000e+00 9.703745e-01
1.539000e+00 9.704803e-01
1.540000e+00 9.705858e-01
1.541000e+00 9.706909e-01
1.542000e+00 9.707958e-01
1.543000e+00 9.709003e-01
1.544000e+00 9.710045e-01
1.545000e+00 9.711083e-01
1.546000e+00 9.712119e-01
1.547000e+00 9.713151e-01
1.548000e+00 9.714180e-01
1.549000e+00 9.715206e-01
1.550000e+00 9.716228e-01
1.551000e+00 9.717248e-01
1.552000e+00 9.718264e-01
1.553000e+00 9.719277e-01
1.554000e+00 9.720287e-01
1.555000e+00 9.721294e-01
1.556000e+00 9.722298e-01
1.557000e+00 9.723299e-01
1.558000e+00 9.724296e-01
1.559000e+00 9.725291e-01
1.560000e+00 9.726282e-01
1.561000e+00 9.727270e-01
1.562000e+00 9.728256e-01
1.563000e+00 9.729238e-01
1.564000e+00 9.730217e-01
1.565000e+00 9.731193e-01
1.566000e+00 9.732166e-01
1.567000e+00 9.733136e-01
1.568000e+00 9.734103e-01
1.569000e+00 9.735066e-01
1.570000e+00 9.736027e-01
1.571000e+00 9.736985e-01
1.572000e+00 9.737940e-01
1.573000e+00 9.738892e-01
1.574000e+00 9.739840e-01
1.575000e+00 9.740786e-01
1.576000e+00 9.741729e-01
1.577000e+00 9.742669e-01
1.578000e+00 9.743606e-01
1.579000e+00 9.744540e-01
1.580000e+00 9.745471e-01
1.581000e+00 9.746399e-01
1.582000e+00 9.747324e-01
1.583000e+00 9.748246e-01
1.584000e+00 9.749166e-01
1.585000e+00 9.750082e-01
1.586000e+00 9.750996e-01
1.587000e+00 9.751906e-01
1.588000e+00 9.752814e-01
1.589000e+00 9.753719e-01
1.590000e+00 9.754621e-01
1.591000e+00 9.755520e-01
1.592000e+00 9.756416e-01
1.593000e+00 9.757310e-01
1.594000e+00 9.758200e-01
1.595000e+00 9.759088e-01
1.596000e+00 9.759973e-01
1.597000e+00 9.760855e-01
1.598000e+00 9.761734e-01
1.599000e+00 9.762611e-01
1.600000e+00 9.763485e-01
1.601000e+00 9.764355e-01
1.602000e+00 9.765224e-01
1.603000e+00 9.766089e-01
1.604000e+00 9.766951e-01
1.605000e+00 9.767811e-01
1.606000e+00 9.768668e-01
1.607000e+00 9.769523e-01
1.608000e+00 9.770374e-01
1.609000e+00 9.771223e-01
1.610000e+00 9.772069e-01
1.611000e+00 9.772912e-01
1.612000e+00 9.773753e-01
1.613000e+00 9.774591e-01
1.614000e+00 9.775426e-01
1.615000e+00 9.776259e-01
1.616000e+00 9.777089e-01
1.617000e+00 9.777916e-01
1.618000e+00 9.778740e-01
1.619000e+00 9.779562e-01
1.620000e+00 9.780381e-01
1.621000e+00 9.781198e-01
1.622000e+00 9.782012e-01
1.623000e+00 9.782823e-01
1.624000e+00 9.783632e-01
1.625000e+00 9.784438e-01
1.626000e+00 9.785241e-01
1.627000e+00 9.786042e-01
1.628000e+00 9.786840e-01
1.629000e+00 9.787636e-01
1.630000e+00 9.788429e-01
1.631000e+00 9.789219e-01
1.632000e+00 9.790007e-01
1.633000e+00 9.790793e-01
1.634000e+00 9.791575e-01
1.635000e+00 9.792355e-01
1.636000e+00 9.793133e-01
1.637000e+00 9.793908e-01
1.638000e+00 9.794681e-01
1.639000e+00 9.795451e-01
1.640000e+00 9.796218e-01
1.641000e+00 9.796983e-01
1.642000e+00 9.797746e-01
1.643000e+00 9.798506e-01
1.644000e+00 9.799263e-01
1.645000e+00 9.800018e-01
1.646000e+00 9.800771e-01
1.647000e+00 9.801521e-01
1.648000e+00 9.802268e-01
1.649000e+00 9.803014e-01
1.650000e+00 9.803756e-01
1.651000e+00 9.804497e-01
1.652000e+00 9.805234e-01
1.653000e+00 9.805970e-01
1.654000e+00 9.806703e-01
1.655000e+00 9.807433e-01
1.656000e+00 9.808161e-01
1.657000e+00 9.808887e-01
1.658000e+00 9.809610e-01
1.659000e+00 9.810331e-01
1.660000e+00 9.811050e-01
1.661000e+00 9.811766e-01
1.662000e+00 9.812479e-01
1.663000e+00 9.813191e-01
1.664000e+00 9.813900e-01
1.665000e+00 9.814607e-01
1.666000e+00 9.815311e-01
1.667000e+00 9.816013e-01
1.668000e+00 9.816712e-01
1.669000e+00 9.817410e-01
1.670000e+00 9.818105e-01
1.671000e+00 9.818797e-01
1.672000e+00 9.819488e-01
1.673000e+00 9.820176e-01
1.674000e+00 9.820862e-01
1.675000e+00 9.821545e-01
1.676000e+00 9.822226e-01
1.677000e+00 9.822905e-01
1.678000e+00 9.823582e-01
1.679000e+00 9.824256e-01
1.680000e+00 9.824928e-01
1.681000e+00 9.825598e-01
1.682000e+00 9.826266e-01
1.683000e+00 9.826931e-01
1.684000e+00 9.827594e-01
1.685000e+00 9.828255e-01
1.686000e+00 9.828914e-01
1.687000e+00 9.829570e-01
1.688000e+00 9.830224e-01
1.689000e+00 9.830876e-01
1.690000e+00 9.831526e-01
1.691000e+00 9.832174e-01
1.692000e+00 9.832819e-01
1.693000e+00 9.833462e-01
1.694000e+00 9.834103e-01
1.695000e+00 9.834742e-01
1.696000e+00 9.835379e-01
1.697000e+00 9.836014e-01
1.698000e+00 9.836646e-01
1.699000e+00 9.837277e-01
1.700000e+00 9.837905e-01
1.701000e+00 9.838531e-01
1.702000e+00 9.839155e-01
1.703000e+00 9.839776e-01
1.704000e+00 9.840396e-01
1.705000e+00 9.841014e-01
1.706000e+00 9.841629e-01
1.707000e+00 9.842243e-01
1.708000e+00 9.842854e-01
1.709000e+00 9.843463e-01
1.710000e+00 9.844070e-01
1.711000e+00 9.844675e-01
1.712000e+00 9.845278e-01
1.713000e+00 9.845879e-01
1.714000e+00 9.846478e-01
1.715000e+00 9.847075e-01
1.716000e+00 9.847670e-01
1.717000e+00 9.848262e-01
1.718000e+00 9.848853e-01
1.719000e+00 9.849442e-01
1.720000e+00 9.850028e-01
1.721000e+00 9.850613e-01
1.722000e+00 9.851196e-01
1.723000e+00 9.851776e-01
1.724000e+00 9.852355e-01
1.725000e+00 9.852931e-01
1.726000e+00 9.853506e-01
1.727000e+00 9.854079e-01
1.728000e+00 9.854649e-01
1.729000e+00 9.855218e-01
1.730000e+00 9.855785e-01
1.731000e+00 9.856350e-01
1.732000e+00 9.856913e-01
1.733000e+00 9.857473e-01
1.734000e+00 9.858032e-01
1.735000e+00 9.858589e-01
1.736000e+00 9.859145e-01
1.737000e+00 9.859698e-01
1.738000e+00 9.860249e-01
1.739000e+00 9.860798e-01
1.740000e+00 9.861346e-01
1.741000e+00 9.861891e-01
1.742000e+00 9.862435e-01
1.743000e+00 9.862977e-01
1.744000e+00 9.863517e-01
1.745000e+00 9.864055e-01
1.746000e+00 9.864591e-01
1.747000e+00 9.865125e-01
1.748000e+00 9.865657e-01
1.749000e+00 9.866188e-01
1.750000e+00 9.866717e-01
1.751000e+00 9.867243e-01
1.752000e+00 9.867768e-01
1.753000e+00 9.868291e-01
1.754000e+00 9.868813e-01
1.755000e+00 9.869332e-01
1.756000e+00 9.869850e-01
1.757000e+00 9.870366e-01
1.758000e+00 9.870880e-01
1.759000e+00 9.871392e-01
1.760000e+00 9.871903e-01
1.761000e+00 9.872411e-01
1.762000e+00 9.872918e-01
1.763000e+00 9.873423e-01
1.764000e+00 9.873926e-01
1.765000e+00 9.874428e-01
1.766000e+00 9.874928e-01
1.767000e+00 9.875426e-01
1.768000e+00 9.875922e-01
1.769000e+00 9.876416e-01
1.770000e+00 9.876909e-01
1.771000e+00 9.877400e-01
1.772000e+00 9.877889e-01
1.773000e+00 9.878377e-01
1.774000e+00 9.878863e-01
1.775000e+00 9.879347e-01
1.776000e+00 9.879829e-01
1.777000e+00 9.880310e-01
1.778000e+00 9.880789e-01
1.779000e+00 9.881266e-01
1.780000e+00 9.881742e-01
1.781000e+00 9.882215e-01
1.782000e+00 9.882688e-01
1.783000e+00 9.883158e-01
1.784000e+00 9.883627e-01
1.785000e+00 9.884094e-01
1.786000e+00 9.884560e-01
1.787000e+00 9.885023e-01
1.788000e+00 9.885486e-01
1.789000e+00 9.885946e-01
1.790000e+00 9.886405e-01
1.791000e+00 9.886862e-01
1.792000e+00 9.887318e-01
1.793000e+00 9.887772e-01
1.794000e+00 9.888224e-01
1.795000e+00 9.888675e-01
1.796000e+00 9.889124e-01
1.797000e+00 9.889572e-01
1.798000e+00 9.890018e-01
1.799000e+00 9.890462e-01
1.800000e+00 9.890905e-01
1.801000e+00 9.891346e-01
1.802000e+00 9.891785e-01
1.803000e+00 9.892223e-01
1.804000e+00 9.892660e-01
1.805000e+00 9.893094e-01
1.806000e+00 9.893528e-01
1.807000e+00 9.893959e-01
1.808000e+00 9.894389e-01
1.809000e+00 9.894818e-01
1.810000e+00 9.895245e-01
1.811000e+00 9.895670e-01
1.812000e+00 9.896094e-01
1.813000e+00 9.896517e-01
1.814000e+00 9.896938e-01
1.815000e+00 9.897357e-01
1.816000e+00 9.897775e-01
1.817000e+00 9.898191e-01
1.818000e+00 9.898606e-01
1.819000e+00 9.899019e-01
1.820000e+00 9.899431e-01
1.821000e+00 9.899841e-01
1.822000e+00 9.900250e-01
1.823000e+00 9.900657e-01
1.824000e+00 9.901063e-01
1.825000e+00 9.901468e-01
1.826000e+00 9.901871e-01
1.827000e+00 9.902272e-01
1.828000e+00 9.902672e-01
1.829000e+00 9.903070e-01
1.830000e+00 9.903467e-01
1.831000e+00 9.903863e-01
1.832000e+00 9.904257e-01
1.833000e+00 9.904650e-01
1.834000e+00 9.905041e-01
1.835000e+00 9.905431e-01
1.836000e+00 9.905819e-01
1.837000e+00 9.906206e-01
1.838000e+00 9.906592e-01
1.839000e+00 9.906976e-01
1.840000e+00 9.907359e-01
1.841000e+00 9.907740e-01
1.842000e+00 9.908120e-01
1.843000e+00 9.908499e-01
1.844000e+00 9.908876e-01
1.845000e+00 9.909251e-01
1.846000e+00 9.909626e-01
1.847000e+00 9.909999e-01
1.848000e+00 9.910370e-01
1.849000e+00 9.910741e-01
1.850000e+00 9.911110e-01
1.851000e+00 9.911477e-01
1.852000e+00 9.911843e-01
1.853000e+00 9.912208e-01
1.854000e+00 9.912571e-01
1.855000e+00 9.912934e-01
1.856000e+00 9.913294e-01
1.857000e+00 9.913654e-01
1.858000e+00 9.914012e-01
1.859000e+00 9.914369e-01
1.860000e+00 9.914724e-01
1.861000e+00 9.915078e-01
1.862000e+00 9.915431e-01
1.863000e+00 9.915783e-01
1.864000e+00 9.916133e-01
1.865000e+00 9.916482e-01
1.866000e+00 9.916829e-01
1.867000e+00 9.917175e-01
1.868000e+00 9.917520e-01
1.869000e+00 9.917864e-01
1.870000e+00 9.918207e-01
1.871000e+00 9.918548e-01
1.872000e+00 9.918888e-01
1.873000e+00 9.919226e-01
1.874000e+00 9.919564e-01
1.875000e+00 9.919900e-01
1.876000e+00 9.920235e-01
1.877000e+00 9.920568e-01
1.878000e+00 9.920900e-01
1.879000e+00 9.921232e-01
1.880000e+00 9.921561e-01
1.881000e+00 9.921890e-01
1.882000e+00 9.922217e-01
1.883000e+00 9.922543e-01
1.884000e+00 9.922868e-01
1.885000e+00 9.923192e-01
1.886000e+00 9.923515e-01
1.887000e+00 9.923836e-01
1.888000e+00 9.924156e-01
1.889000e+00 9.924475e-01
1.890000e+00 9.924792e-01
1.891000e+00 9.925109e-01
1.892000e+00 9.925424e-01
1.893000e+00 9.925738e-01
1.894000e+00 9.926051e-01
1.895000e+00 9.926363e-01
1.896000e+00 9.926673e-01
1.897000e+00 9.926982e-01
1.898000e+00 9.927291e-01
1.899000e+00 9.927598e-01
1.900000e+00 9.927903e-01
1.901000e+00 9.928208e-01
1.902000e+00 9.928512e-01
1.903000e+00 9.928814e-01
1.904000e+00 9.929115e-01
1.905000e+00 9.929415e-01
1.906000e+00 9.929714e-01
1.907000e+00 9.930012e-01
1.908000e+00 9.930308e-01
1.909000e+00 9.930604e-01
1.910000e+00 9.930898e-01
1.911000e+00 9.931192e-01
1.912000e+00 9.931484e-01
1.913000e+00 9.931775e-01
1.914000e+00 9.932065e-01
1.915000e+00 9.932354e-01
1.916000e+00 9.932641e-01
1.917000e+00 9.932928e-01
1.918000e+00 9.933213e-01
1.919000e+00 9.933498e-01
1.920000e+00 9.933781e-01
1.921000e+00 9.934063e-01
1.922000e+00 9.934345e-01
1.923000e+00 9.934625e-01
1.924000e+00 9.934904e-01
1.925000e+00 9.935182e-01
1.926000e+00 9.935459e-01
1.927000e+00 9.935734e-01
1.928000e+00 9.936009e-01
1.929000e+00 9.936283e-01
1.930000e+00 9.936555e-01
1.931000e+00 9.936827e-01
1.932000e+00 9.937098e-01
1.933000e+00 9.937367e-01
1.934000e+00 9.937636e-01
1.935000e+00 9.937903e-01
1.936000e+00 9.938169e-01
1.937000e+00 9.938435e-01
1.938000e+00 9.938699e-01
1.939000e+00 9.938962e-01
1.940000e+00 9.939225e-01
1.941000e+00 9.939486e-01
1.942000e+00 9.939746e-01
1.943000e+00 9.940005e-01
1.944000e+00 9.940264e-01
1.945000e+00 9.940521e-01
1.946000e+00 9.940777e-01
1.947000e+00 9.941032e-01
1.948000e+00 9.941287e-01
1.949000e+00 9.941540e-01
1.950000e+00 9.941792e-01
1.951000e+00 9.942044e-01
1.952000e+00 9.942294e-01
1.953000e+00 9.942543e-01
1.954000e+00 9.942792e-01
1.955000e+00 9.943039e-01
1.956000e+00 9.943285e-01
1.957000e+00 9.943531e-01
1.958000e+00 9.943775e-01
1.959000e+00 9.944019e-01
1.960000e+00 9.944262e-01
1.961000e+00 9.944503e-01
1.962000e+00 9.944744e-01
1.963000e+00 9.944984e-01
1.964000e+00 9.945223e-01
1.965000e+00 9.945460e-01
1.966000e+00 9.945697e-01
1.967000e+00 9.945933e-01
1.968000e+00 9.946169e-01
1.969000e+00 9.946403e-01
1.970000e+00 9.946636e-01
1.971000e+00 9.946868e-01
1.972000e+00 9.947100e-01
1.973000e+00 9.947330e-01
1.974000e+00 9.947560e-01
1.975000e+00 9.947789e-01
1.976000e+00 9.948017e-01
1.977000e+00 9.948243e-01
1.978000e+00 9.948469e-01
1.979000e+00 9.948695e-01
1.980000e+00 9.948919e-01
1.981000e+00 9.949142e-01
1.982000e+00 9.949365e-01
1.983000e+00 9.949586e-01
1.984000e+00 9.949807e-01
1.985000e+00 9.950027e-01
1.986000e+00 9.950246e-01
1.987000e+00 9.950464e-01
1.988000e+00 9.950681e-01
1.989000e+00 9.950897e-01
1.990000e+00 9.951113e-01
1.991000e+00 9.951328e-01
1.992000e+00 9.951541e-01
1.993000e+00 9.951754e-01
1.994000e+00 9.951966e-01
1.995000e+00 9.952178e-01
1.996000e+00 9.952388e-01
1.997000e+00 9.952598e-01
1.998000e+00 9.952806e-01
1.999000e+00 9.953014e-01
2.000000e+00 9.953221e-01
2.001000e+00 9.953428e-01
2.002000e+00 9.953633e-01
2.003000e+00 9.953838e-01
2.004000e+00 9.954041e-01
2.005000e+00 9.954244e-01
2.006000e+00 9.954447e-01
2.007000e+00 9.954648e-01
2.008000e+00 9.954849e-01
2.009000e+00 9.955048e-01
2.010000e+00 9.955247e-01
2.011000e+00 9.955445e-01
2.012000e+00 9.955643e-01
2.013000e+00 9.955839e-01
2.014000e+00 9.956035e-01
2.015000e+00 9.956230e-01
2.016000e+00 9.956424e-01
2.017000e+00 9.956618e-01
2.018000e+00 9.956810e-01
2.019000e+00 9.957002e-01
2.020000e+00 9.957193e-01
2.021000e+00 9.957384e-01
2.022000e+00 9.957573e-01
2.023000e+00 9.957762e-01
2.024000e+00 9.957950e-01
2.025000e+00 9.958137e-01
2.026000e+00 9.958324e-01
2.027000e+00 9.958509e-01
2.028000e+00 9.958694e-01
2.029000e+00 9.958879e-01
2.030000e+00 9.959062e-01
2.031000e+00 9.959245e-01
2.032000e+00 9.959427e-01
2.033000e+00 9.959608e-01
2.034000e+00 9.959789e-01
2.035000e+00 9.959969e-01
2.036000e+00 9.960148e-01
2.037000e+00 9.960326e-01
2.038000e+00 9.960504e-01
2.039000e+00 9.960681e-01
2.040000e+00 9.960857e-01
2.041000e+00 9.961032e-01
2.042000e+00 9.961207e-01
2.043000e+00 9.961381e-01
2.044000e+00 9.961554e-01
2.045000e+00 9.961727e-01
2.046000e+00 9.961899e-01
2.047000e+00 9.962070e-01
2.048000e+00 9.962241e-01
2.049000e+00 9.962410e-01
2.050000e+00 9.962580e-01
2.051000e+00 9.962748e-01
2.052000e+00 9.962916e-01
2.053000e+00 9.963083e-01
2.054000e+00 9.963249e-01
2.055000e+00 9.963415e-01
2.056000e+00 9.963580e-01
2.057000e+00 9.963744e-01
2.058000e+00 9.963908e-01
2.059000e+00 9.964071e-01
2.060000e+00 9.964233e-01
2.061000e+00 9.964395e-01
2.062000e+00 9.964556e-01
2.063000e+00 9.964716e-01
2.064000e+00 9.964876e-01
2.065000e+00 9.965035e-01
2.066000e+00 9.965193e-01
2.067000e+00 9.965351e-01
2.068000e+00 9.965508e-01
2.069000e+00 9.965664e-01
2.070000e+00 9.965820e-01
2.071000e+00 9.965975e-01
2.072000e+00 9.966130e-01
2.073000e+00 9.966284e-01
2.074000e+00 9.966437e-01
2.075000e+00 9.966589e-01
2.076000e+00 9.966741e-01
2.077000e+00 9.966893e-01
2.078000e+00 9.967043e-01
2.079000e+00 9.967193e-01
2.080000e+00 9.967343e-01
2.081000e+00 9.967492e-01
2.082000e+00 9.967640e-01
2.083000e+00 9.967787e-01
2.084000e+00 9.967934e-01
2.085000e+00 9.968081e-01
2.086000e+00 9.968226e-01
2.087000e+00 9.968371e-01
2.088000e+00 9.968516e-01
2.089000e+00 9.968660e-01
2.090000e+00 9.968803e-01
2.091000e+00 9.968946e-01
2.092000e+00 9.969088e-01
2.093000e+00 9.969230e-01
2.094000e+00 9.969371e-01
2.095000e+00 9.969511e-01
2.096000e+00 9.969651e-01
2.097000e+00 9.969790e-01
2.098000e+00 9.969928e-01
2.099000e+00 9.970067e-01
2.100000e+00 9.970204e-01
2.101000e+00 9.970341e-01
2.102000e+00 9.970477e-01
2.103000e+00 9.970613e-01
2.104000e+00 9.970748e-01
2.105000e+00 9.970883e-01
2.106000e+00 9.971017e-01
2.107000e+00 9.971150e-01
2.108000e+00 9.971283e-01
2.109000e+00 9.971415e-01
2.110000e+00 9.971547e-01
2.111000e+00 9.971678e-01
2.112000e+00 9.971809e-01
2.113000e+00 9.971939e-01
2.114000e+00 9.972069e-01
2.115000e+00 9.972198e-01
2.116000e+00 9.972326e-01
2.117000e+00 9.972454e-01
2.118000e+00 9.972582e-01
2.119000e+00 9.972708e-01
2.120000e+00 9.972835e-01
2.121000e+00 9.972960e-01
2.122000e+00 9.973086e-01
2.123000e+00 9.973210e-01
2.124000e+00 9.973335e-01
2.125000e+00 9.973458e-01
2.126000e+00 9.973581e-01
2.127000e+00 9.973704e-01
2.128000e+00 9.973826e-01
2.129000e+00 9.973948e-01
2.130000e+00 9.974069e-01
2.131000e+00 9.974189e-01
2.132000e+00 9.974309e-01
2.133000e+00 9.974429e-01
2.134000e+00 9.974548e-01
2.135000e+00 9.974667e-01
2.136000e+00 9.974785e-01
2.137000e+00 9.974902e-01
2.138000e+00 9.975019e-01
2.139000e+00 9.975136e-01
2.140000e+00 9.975252e-01
2.141000e+00 9.975367e-01
2.142000e+00 9.975482e-01
2.143000e+00 9.975597e-01
2.144000e+00 9.975711e-01
2.145000e+00 9.975824e-01
2.146000e+00 9.975937e-01
2.147000e+00 9.976050e-01
2.148000e+00 9.976162e-01
2.149000e+00 9.976274e-01
2.150000e+00 9.976385e-01
2.151000e+00 9.976495e-01
2.152000e+00 9.976606e-01
2.153000e+00 9.976715e-01
2.154000e+00 9.976824e-01
2.155000e+00 9.976933e-01
2.156000e+00 9.977042e-01
2.157000e+00 9.977149e-01
2.158000e+00 9.977257e-01
2.159000e+00 9.977364e-01
2.160000e+00 9.977470e-01
2.161000e+00 9.977576e-01
2.162000e+00 9.977682e-01
2.163000e+00 9.977787e-01
2.164000e+00 9.977891e-01
2.165000e+00 9.977996e-01
2.166000e+00 9.978099e-01
2.167000e+00 9.978203e-01
2.168000e+00 9.978305e-01
2.169000e+00 9.978408e-01
2.170000e+00 9.978510e-01
2.171000e+00 9.978611e-01
2.172000e+00 9.978712e-01
2.173000e+00 9.978813e-01
2.174000e+00 9.978913e-01
2.175000e+00 9.979013e-01
2.176000e+00 9.979112e-01
2.177000e+00 9.979211e-01
2.178000e+00 9.979309e-01
2.179000e+00 9.979408e-01
2.180000e+00 9.979505e-01
2.181000e+00 9.979602e-01
2.182000e+00 9.979699e-01
2.183000e+00 9.979795e-01
2.184000e+00 9.979891e-01
2.185000e+00 9.979987e-01
2.186000e+00 9.980082e-01
2.187000e+00 9.980177e-01
2.188000e+00 9.980271e-01
2.189000e+00 9.980365e-01
2.190000e+00 9.980458e-01
2.191000e+00 9.980551e-01
2.192000e+00 9.980644e-01
2.193000e+00 9.980736e-01
2.194000e+00 9.980828e-01
2.195000e+00 9.980919e-01
2.196000e+00 9.981010e-01
2.197000e+00 9.981101e-01
2.198000e+00 9.981191e-01
2.199000e+00 9.981281e-01
2.200000e+00 9.981370e-01
2.201000e+00 9.981459e-01
2.202000e+00 9.981548e-01
2.203000e+00 9.981636e-01
2.204000e+00 9.981724e-01
2.205000e+00 9.981811e-01
2.206000e+00 9.981899e-01
2.207000e+00 9.981985e-01
2.208000e+00 9.982072e-01
2.209000e+00 9.982157e-01
2.210000e+00 9.982243e-01
2.211000e+00 9.982328e-01
2.212000e+00 9.982413e-01
2.213000e+00 9.982497e-01
2.214000e+00 9.982582e-01
2.215000e+00 9.982665e-01
2.216000e+00 9.982749e-01
2.217000e+00 9.982831e-01
2.218000e+00 9.982914e-01
2.219000e+00 9.982996e-01
2.220000e+00 9.983078e-01
2.221000e+00 9.983160e-01
2.222000e+00 9.983241e-01
2.223000e+00 9.983322e-01
2.224000e+00 9.983402e-01
2.225000e+00 9.983482e-01
2.226000e+00 9.983562e-01
2.227000e+00 9.983641e-01
2.228000e+00 9.983720e-01
2.229000e+00 9.983799e-01
2.230000e+00 9.983877e-01
2.231000e+00 9.983955e-01
2.232000e+00 9.984033e-01
2.233000e+00 9.984110e-01
2.234000e+00 9.984187e-01
2.235000e+00 9.984263e-01
2.236000e+00 9.984339e-01
2.237000e+00 9.984415e-01
2.238000e+00 9.984491e-01
2.239000e+00 9.984566e-01
2.240000e+00 9.984641e-01
2.241000e+00 9.984716e-01
2.242000e+00 9.984790e-01
2.243000e+00 9.984864e-01
2.244000e+00 9.984937e-01
2.245000e+00 9.985010e-01
2.246000e+00 9.985083e-01
2.247000e+00 9.985156e-01
2.248000e+00 9.985228e-01
2.249000e+00 9.985300e-01
2.250000e+00 9.985372e-01
2.251000e+00 9.985443e-01
2.252000e+00 9.985514e-01
2.253000e+00 9.985584e-01
2.254000e+00 9.985655e-01
2.255000e+00 9.985725e-01
2.256000e+00 9.985794e-01
2.257000e+00 9.985864e-01
2.258000e+00 9.985933e-01
2.259000e+00 9.986001e-01
2.260000e+00 9.986070e-01
2.261000e+00 9.986138e-01
2.262000e+00 9.986206e-01
2.263000e+00 9.986273e-01
2.264000e+00 9.986341e-01
2.265000e+00 9.986407e-01
2.266000e+00 9.986474e-01
2.267000e+00 9.986540e-01
2.268000e+00 9.986606e-01
2.269000e+00 9.986672e-01
2.270000e+00 9.986737e-01
2.271000e+00 9.986803e-01
2.272000e+00 9.986867e-01
2.273000e+00 9.986932e-01
2.274000e+00 9.986996e-01
2.275000e+00 9.987060e-01
2.276000e+00 9.987124e-01
2.277000e+00 9.987187e-01
2.278000e+00 9.987250e-01
2.279000e+00 9.987313e-01
2.280000e+00 9.987375e-01
2.281000e+00 9.987438e-01
2.282000e+00 9.987499e-01
2.283000e+00 9.987561e-01
2.284000e+00 9.987622e-01
2.285000e+00 9.987684e-01
2.286000e+00 9.987744e-01
2.287000e+00 9.987805e-01
2.288000e+00 9.987865e-01
2.289000e+00 9.987925e-01
2.290000e+00 9.987985e-01
2.291000e+00 9.988044e-01
2.292000e+00 9.988103e-01
2.293000e+00 9.988162e-01
2.294000e+00 9.988221e-01
2.295000e+00 9.988279e-01
2.296000e+00 9.988337e-01
2.297000e+00 9.988395e-01
2.298000e+00 9.988453e-01
2.299000e+00 9.988510e-01
2.300000e+00 9.988567e-01
2.301000e+00 9.988624e-01
2.302000e+00 9.988680e-01
2.303000e+00 9.988737e-01
2.304000e+00 9.988792e-01
2.305000e+00 9.988848e-01
2.306000e+00 9.988904e-01
2.307000e+00 9.988959e-01
2.308000e+00 9.989014e-01
2.309000e+00 9.989069e-01
2.310000e+00 9.989123e-01
2.311000e+00 9.989177e-01
2.312000e+00 9.989231e-01
2.313000e+00 9.989285e-01
2.314000e+00 9.989338e-01
2.315000e+00 9.989392e-01
2.316000e+00 9.989445e-01
2.317000e+00 9.989497e-01
2.318000e+00 9.989550e-01
2.319000e+00 9.989602e-01
2.320000e+00 9.989654e-01
2.321000e+00 9.989706e-01
2.322000e+00 9.989757e-01
2.323000e+00 9.989808e-01
2.324000e+00 9.989860e-01
2.325000e+00 9.989910e-01
2.326000e+00 9.989961e-01
2.327000e+00 9.990011e-01
2.328000e+00 9.990061e-01
2.329000e+00 9.990111e-01
2.330000e+00 9.990161e-01
2.331000e+00 9.990210e-01
2.332000e+00 9.990259e-01
2.333000e+00 9.990308e-01
2.334000e+00 9.990357e-01
2.335000e+00 9.990405e-01
2.336000e+00 9.990454e-01
2.337000e+00 9.990502e-01
2.338000e+00 9.990550e-01
2.339000e+00 9.990597e-01
2.340000e+00 9.990645e-01
2.341000e+00 9.990692e-01
2.342000e+00 9.990739e-01
2.343000e+00 9.990785e-01
2.344000e+00 9.990832e-01
2.345000e+00 9.990878e-01
2.346000e+00 9.990924e-01
2.347000e+00 9.990970e-01
2.348000e+00 9.991016e-01
2.349000e+00 9.991061e-01
2.350000e+00 9.991106e-01
2.351000e+00 9.991151e-01
2.352000e+00 9.991196e-01
2.353000e+00 9.991241e-01
2.354000e+00 9.991285e-01
2.355000e+00 9.991329e-01
2.356000e+00 9.991373e-01
2.357000e+00 9.991417e-01
2.358000e+00 9.991460e-01
2.359000e+00 9.991504e-01
2.360000e+00 9.991547e-01
2.361000e+00 9.991590e-01
2.362000e+00 9.991632e-01
2.363000e+00 9.991675e-01
2.364000e+00 9.991717e-01
2.365000e+00 9.991759e-01
2.366000e+00 9.991801e-01
2.367000e+00 9.991843e-01
2.368000e+00 9.991884e-01
2.369000e+00 9.991926e-01
2.370000e+00 9.991967e-01
2.371000e+00 9.992008e-01
2.372000e+00 9.992048e-01
2.373000e+00 9.992089e-01
2.374000e+00 9.992129e-01
2.375000e+00 9.992170e-01
2.376000e+00 9.992209e-01
2.377000e+00 9.992249e-01
2.378000e+00 9.992289e-01
2.379000e+00 9.992328e-01
2.380000e+00 9.992368e-01
2.381000e+00 9.992407e-01
2.382000e+00 9.992445e-01
2.383000e+00 9.992484e-01
2.384000e+00 9.992523e-01
2.385000e+00 9.992561e-01
2.386000e+00 9.992599e-01
2.387000e+00 9.992637e-01
2.388000e+00 9.992675e-01
2.389000e+00 9.992712e-01
2.390000e+00 9.992750e-01
2.391000e+00 9.992787e-01
2.392000e+00 9.992824e-01
2.393000e+00 9.992861e-01
2.394000e+00 9.992897e-01
2.395000e+00 9.992934e-01
2.396000e+00 9.992970e-01
2.397000e+00 9.993006e-01
2.398000e+00 9.993042e-01
2.399000e+00 9.993078e-01
2.400000e+00 9.993114e-01
2.401000e+00 9.993149e-01
2.402000e+00 9.993185e-01
2.403000e+00 9.993220e-01
2.404000e+00 9.993255e-01
2.405000e+00 9.993289e-01
2.406000e+00 9.993324e-01
2.407000e+00 9.993359e-01
2.408000e+00 9.993393e-01
2.409000e+00 9.993427e-01
2.410000e+00 9.993461e-01
2.411000e+00 9.993495e-01
2.412000e+00 9.993528e-01
2.413000e+00 9.993562e-01
2.414000e+00 9.993595e-01
2.415000e+00 9.993628e-01
2.416000e+00 9.993661e-01
2.417000e+00 9.993694e-01
2.418000e+00 9.993727e-01
2.419000e+00 9.993759e-01
2.420000e+00 9.993792e-01
2.421000e+00 9.993824e-01
2.422000e+00 9.993856e-01
2.423000e+00 9.993888e-01
2.424000e+00 9.993920e-01
2.425000e+00 9.993951e-01
2.426000e+00 9.993983e-01
2.427000e+00 9.994014e-01
2.428000e+00 9.994045e-01
2.429000e+00 9.994076e-01
2.430000e+00 9.994107e-01
2.431000e+00 9.994138e-01
2.432000e+00 9.994168e-01
2.433000e+00 9.994199e-01
2.434000e+00 9.994229e-01
2.435000e+00 9.994259e-01
2.436000e+00 9.994289e-01
2.437000e+00 9.994319e-01
2.438000e+00 9.994348e-01
2.439000e+00 9.994378e-01
2.440000e+00 9.994407e-01
2.441000e+00 9.994437e-01
2.442000e+00 9.994466e-01
2.443000e+00 9.994495e-01
2.444000e+00 9.994523e-01
2.445000e+00 9.994552e-01
2.446000e+00 9.994581e-01
2.447000e+00 9.994609e-01
2.448000e+00 9.994637e-01
2.449000e+00 9.994665e-01
2.450000e+00 9.994693e-01
2.451000e+00 9.994721e-01
2.452000e+00 9.994749e-01
2.453000e+00 9.994776e-01
2.454000e+00 9.994804e-01
2.455000e+00 9.994831e-01
2.456000e+00 9.994858e-01
2.457000e+00 9.994885e-01
2.458000e+00 9.994912e-01
2.459000e+00 9.994939e-01
2.460000e+00 9.994966e-01
2.461000e+00 9.994992e-01
2.462000e+00 9.995018e-01
2.463000e+00 9.995045e-01
2.464000e+00 9.995071e-01
2.465000e+00 9.995097e-01
2.466000e+00 9.995123e-01
2.467000e+00 9.995148e-01
2.468000e+00 9.995174e-01
2.469000e+00 9.995199e-01
2.470000e+00 9.995225e-01
2.471000e+00 9.995250e-01
2.472000e+00 9.995275e-01
2.473000e+00 9.995300e-01
2.474000e+00 9.995325e-01
2.475000e+00 9.995350e-01
2.476000e+00 9.995374e-01
2.477000e+00 9.995399e-01
2.478000e+00 9.995423e-01
2.479000e+00 9.995447e-01
2.480000e+00 9.995471e-01
2.481000e+00 9.995495e-01
2.482000e+00 9.995519e-01
2.483000e+00 9.995543e-01
2.484000e+00 9.995567e-01
2.485000e+00 9.995590e-01
2.486000e+00 9.995614e-01
2.487000e+00 9.995637e-01
2.488000e+00 9.995660e-01
2.489000e+00 9.995683e-01
2.490000e+00 9.995706e-01
2.491000e+00 9.995729e-01
2.492000e+00 9.995752e-01
2.493000e+00 9.995774e-01
2.494000e+00 9.995797e-01
2.495000e+00 9.995819e-01
2.496000e+00 9.995842e-01
2.497000e+00 9.995864e-01
2.498000e+00 9.995886e-01
2.499000e+00 9.995908e-01
2.500000e+00 9.995930e-01
2.501000e+00 9.995951e-01
2.502000e+00 9.995973e-01
2.503000e+00 9.995995e-01
2.504000e+00 9.996016e-01
2.505000e+00 9.996037e-01
2.506000e+00 9.996058e-01
2.507000e+00 9.996079e-01
2.508000e+00 9.996100e-01
2.509000e+00 9.996121e-01
2.510000e+00 9.996142e-01
2.511000e+00 9.996163e-01
2.512000e+00 9.996183e-01
2.513000e+00 9.996204e-01
2.514000e+00 9.996224e-01
2.515000e+00 9.996244e-01
2.516000e+00 9.996265e-01
2.517000e+00 9.996285e-01
2.518000e+00 9.996305e-01
2.519000e+00 9.996324e-01
2.520000e+00 9.996344e-01
2.521000e+00 9.996364e-01
2.522000e+00 9.996383e-01
2.523000e+00 9.996403e-01
2.524000e+00 9.996422e-01
2.525000e+00 9.996442e-01
2.526000e+00 9.996461e-01
2.527000e+00 9.996480e-01
2.528000e+00 9.996499e-01
2.529000e+00 9.996518e-01
2.530000e+00 9.996536e-01
2.531000e+00 9.996555e-01
2.532000e+00 9.996574e-01
2.533000e+00 9.996592e-01
2.534000e+00 9.996611e-01
2.535000e+00 9.996629e-01
2.536000e+00 9.996647e-01
2.537000e+00 9.996665e-01
2.538000e+00 9.996683e-01
2.539000e+00 9.996701e-01
2.540000e+00 9.996719e-01
2.541000e+00 9.996737e-01
2.542000e+00 9.996754e-01
2.543000e+00 9.996772e-01
2.544000e+00 9.996790e-01
2.545000e+00 9.996807e-01
2.546000e+00 9.996824e-01
2.547000e+00 9.996842e-01
2.548000e+00 9.996859e-01
2.549000e+00 9.996876e-01
2.550000e+00 9.996893e-01
2.551000e+00 9.996910e-01
2.552000e+00 9.996926e-01
2.553000e+00 9.996943e-01
2.554000e+00 9.996960e-01
2.555000e+00 9.996976e-01
2.556000e+00 9.996993e-01
2.557000e+00 9.997009e-01
2.558000e+00 9.997025e-01
2.559000e+00 9.997042e-01
2.560000e+00 9.997058e-01
2.561000e+00 9.997074e-01
2.562000e+00 9.997090e-01
2.563000e+00 9.997106e-01
2.564000e+00 9.997121e-01
2.565000e+00 9.997137e-01
2.566000e+00 9.997153e-01
2.567000e+00 9.997168e-01
2.568000e+00 9.997184e-01
2.569000e+00 9.997199e-01
2.570000e+00 9.997214e-01
2.571000e+00 9.997230e-01
2.572000e+00 9.997245e-01
2.573000e+00 9.997260e-01
2.574000e+00 9.997275e-01
2.575000e+00 9.997290e-01
2.576000e+00 9.997305e-01
2.577000e+00 9.997319e-01
2.578000e+00 9.997334e-01
2.579000e+00 9.997349e-01
2.580000e+00 9.997363e-01
2.581000e+00 9.997378e-01
2.582000e+00 9.997392e-01
2.583000e+00 9.997407e-01
2.584000e+00 9.997421e-01
2.585000e+00 9.997435e-01
2.586000e+00 9.997449e-01
2.587000e+00 9.997463e-01
2.588000e+00 9.997477e-01
2.589000e+00 9.997491e-01
2.590000e+00 9.997505e-01
2.591000e+00 9.997518e-01
2.592000e+00 9.997532e-01
2.593000e+00 9.997546e-01
2.594000e+00 9.997559e-01
2.595000e+00 9.997573e-01
2.596000e+00 9.997586e-01
2.597000e+00 9.997599e-01
2.598000e+00 9.997613e-01
2.599000e+00 9.997626e-01
2.600000e+00 9.997639e-01
2.601000e+00 9.997652e-01
2.602000e+00 9.997665e-01
2.603000e+00 9.997678e-01
2.604000e+00 9.997691e-01
2.605000e+00 9.997704e-01
2.606000e+00 9.997716e-01
2.607000e+00 9.997729e-01
2.608000e+00 9.997742e-01
2.609000e+00 9.997754e-01
2.610000e+00 9.997766e-01
2.611000e+00 9.997779e-01
2.612000e+00 9.997791e-01
2.613000e+00 9.997803e-01
2.614000e+00 9.997816e-01
2.615000e+00 9.997828e-01
2.616000e+00 9.997840e-01
2.617000e+00 9.997852e-01
2.618000e+00 9.997864e-01
2.619000e+00 9.997876e-01
2.620000e+00 9.997887e-01
2.621000e+00 9.997899e-01
2.622000e+00 9.997911e-01
2.623000e+00 9.997923e-01
2.624000e+00 9.997934e-01
2.625000e+00 9.997946e-01
2.626000e+00 9.997957e-01
2.627000e+00 9.997968e-01
2.628000e+00 9.997980e-01
2.629000e+00 9.997991e-01
2.630000e+00 9.998002e-01
2.631000e+00 9.998013e-01
2.632000e+00 9.998025e-01
2.633000e+00 9.998036e-01
2.634000e+00 9.998047e-01
2.635000e+00 9.998057e-01
2.636000e+00 9.998068e-01
2.637000e+00 9.998079e-01
2.638000e+00 9.998090e-01
2.639000e+00 9.998101e-01
2.640000e+00 9.998111e-01
2.641000e+00 9.998122e-01
2.642000e+00 9.998132e-01
2.643000e+00 9.998143e-01
2.644000e+00 9.998153e-01
2.645000e+00 9.998164e-01
2.646000e+00 9.998174e-01
2.647000e+00 9.998184e-01
2.648000e+00 9.998194e-01
2.649000e+00 9.998204e-01
2.650000e+00 9.998215e-01
2.651000e+00 9.998225e-01
2.652000e+00 9.998235e-01
2.653000e+00 9.998245e-01
2.654000e+00 9.998254e-01
2.655000e+00 9.998264e-01
2.656000e+00 9.998274e-01
2.657000e+00 9.998284e-01
2.658000e+00 9.998293e-01
2.659000e+00 9.998303e-01
2.660000e+00 9.998313e-01
2.661000e+00 9.998322e-01
2.662000e+00 9.998332e-01
2.663000e+00 9.998341e-01
2.664000e+00 9.998350e-01
2.665000e+00 9.998360e-01
2.666000e+00 9.998369e-01
2.667000e+00 9.998378e-01
2.668000e+00 9.998387e-01
2.669000e+00 9.998396e-01
2.670000e+00 9.998405e-01
2.671000e+00 9.998415e-01
2.672000e+00 9.998423e-01
2.673000e+00 9.998432e-01
2.674000e+00 9.998441e-01
2.675000e+00 9.998450e-01
2.676000e+00 9.998459e-01
2.677000e+00 9.998468e-01
2.678000e+00 9.998476e-01
2.679000e+00 9.998485e-01
2.680000e+00 9.998494e-01
2.681000e+00 9.998502e-01
2.682000e+00 9.998511e-01
2.683000e+00 9.998519e-01
2.684000e+00 9.998528e-01
2.685000e+00 9.998536e-01
2.686000e+00 9.998544e-01
2.687000e+00 9.998553e-01
2.688000e+00 9.998561e-01
2.689000e+00 9.998569e-01
2.690000e+00 9.998577e-01
2.691000e+00 9.998585e-01
2.692000e+00 9.998593e-01
2.693000e+00 9.998601e-01
2.694000e+00 9.998609e-01
2.695000e+00 9.998617e-01
2.696000e+00 9.998625e-01
2.697000e+00 9.998633e-01
2.698000e+00 9.998641e-01
2.699000e+00 9.998648e-01
2.700000e+00 9.998656e-01
2.701000e+00 9.998664e-01
2.702000e+00 9.998672e-01
2.703000e+00 9.998679e-01
2.704000e+00 9.998687e-01
2.705000e+00 9.998694e-01
2.706000e+00 9.998702e-01
2.707000e+00 9.998709e-01
2.708000e+00 9.998716e-01
2.709000e+00 9.998724e-01
2.710000e+00 9.998731e-01
2.711000e+00 9.998738e-01
2.712000e+00 9.998746e-01
2.713000e+00 9.998753e-01
2.714000e+00 9.998760e-01
2.715000e+00 9.998767e-01
2.716000e+00 9.998774e-01
2.717000e+00 9.998781e-01
2.718000e+00 9.998788e-01
2.719000e+00 9.998795e-01
2.720000e+00 9.998802e-01
2.721000e+00 9.998809e-01
2.722000e+00 9.998816e-01
2.723000e+00 9.998823e-01
2.724000e+00 9.998830e-01
2.725000e+00 9.998836e-01
2.726000e+00 9.998843e-01
2.727000e+00 9.998850e-01
2.728000e+00 9.998856e-01
2.729000e+00 9.998863e-01
2.730000e+00 9.998869e-01
2.731000e+00 9.998876e-01
2.732000e+00 9.998882e-01
2.733000e+00 9.998889e-01
2.734000e+00 9.998895e-01
2.735000e+00 9.998902e-01
2.736000e+00 9.998908e-01
2.737000e+00 9.998914e-01
2.738000e+00 9.998921e-01
2.739000e+00 9.998927e-01
2.740000e+00 9.998933e-01
2.741000e+00 9.998939e-01
2.742000e+00 9.998945e-01
2.743000e+00 9.998952e-01
2.744000e+00 9.998958e-01
2.745000e+00 9.998964e-01
2.746000e+00 9.998970e-01
2.747000e+00 9.998976e-01
2.748000e+00 9.998982e-01
2.749000e+00 9.998988e-01
2.750000e+00 9.998993e-01
2.751000e+00 9.998999e-01
2.752000e+00 9.999005e-01
2.753000e+00 9.999011e-01
2.754000e+00 9.999017e-01
2.755000e+00 9.999022e-01
2.756000e+00 9.999028e-01
2.757000e+00 9.999034e-01
2.758000e+00 9.999039e-01
2.759000e+00 9.999045e-01
2.760000e+00 9.999050e-01
2.761000e+00 9.999056e-01
2.762000e+00 9.999061e-01
2.763000e+00 9.999067e-01
2.764000e+00 9.999072e-01
2.765000e+00 9.999078e-01
2.766000e+00 9.999083e-01
2.767000e+00 9.999089e-01
2.768000e+00 9.999094e-01
2.769000e+00 9.999099e-01
2.770000e+00 9.999104e-01
2.771000e+00 9.999110e-01
2.772000e+00 9.999115e-01
2.773000e+00 9.999120e-01
2.774000e+00 9.999125e-01
2.775000e+00 9.999130e-01
2.776000e+00 9.999135e-01
2.777000e+00 9.999140e-01
2.778000e+00 9.999146e-01
2.779000e+00 9.999151e-01
2.780000e+00 9.999156e-01
2.781000e+00 9.999160e-01
2.782000e+00 9.999165e-01
2.783000e+00 9.999170e-01
2.784000e+00 9.999175e-01
2.785000e+00 9.999180e-01
2.786000e+00 9.999185e-01
2.787000e+00 9.999190e-01
2.788000e+00 9.999194e-01
2.789000e+00 9.999199e-01
2.790000e+00 9.999204e-01
2.791000e+00 9.999209e-01
2.792000e+00 9.999213e-01
2.793000e+00 9.999218e-01
2.794000e+00 9.999222e-01
2.795000e+00 9.999227e-01
2.796000e+00 9.999232e-01
2.797000e+00 9.999236e-01
2.798000e+00 9.999241e-01
2.799000e+00 9.999245e-01
2.800000e+00 9.999250e-01
2.801000e+00 9.999254e-01
2.802000e+00 9.999258e-01
2.803000e+00 9.999263e-01
2.804000e+00 9.999267e-01
2.805000e+00 9.999271e-01
2.806000e+00 9.999276e-01
2.807000e+00 9.999280e-01
2.808000e+00 9.999284e-01
2.809000e+00 9.999289e-01
2.810000e+00 9.999293e-01
2.811000e+00 9.999297e-01
2.812000e+00 9.999301e-01
2.813000e+00 9.999305e-01
2.814000e+00 9.999309e-01
2.815000e+00 9.999313e-01
2.816000e+00 9.999318e-01
2.817000e+00 9.999322e-01
2.818000e+00 9.999326e-01
2.819000e+00 9.999330e-01
2.820000e+00 9.999334e-01
2.821000e+00 9.999338e-01
2.822000e+00 9.999341e-01
2.823000e+00 9.999345e-01
2.824000e+00 9.999349e-01
2.825000e+00 9.999353e-01
2.826000e+00 9.999357e-01
2.827000e+00 9.999361e-01
2.828000e+00 9.999365e-01
2.829000e+00 9.999368e-01
2.830000e+00 9.999372e-01
2.831000e+00 9.999376e-01
2.832000e+00 9.999380e-01
2.833000e+00 9.999383e-01
2.834000e+00 9.999387e-01
2.835000e+00 9.999391e-01
2.836000e+00 9.999394e-01
2.837000e+00 9.999398e-01
2.838000e+00 9.999402e-01
2.839000e+00 9.999405e-01
2.840000e+00 9.999409e-01
2.841000e+00 9.999412e-01
2.842000e+00 9.999416e-01
2.843000e+00 9.999419e-01
2.844000e+00 9.999423e-01
2.845000e+00 9.999426e-01
2.846000e+00 9.999430e-01
2.847000e+00 9.999433e-01
2.848000e+00 9.999436e-01
2.849000e+00 9.999440e-01
2.850000e+00 9.999443e-01
2.851000e+00 9.999447e-01
2.852000e+00 9.999450e-01
2.853000e+00 9.999453e-01
2.854000e+00 9.999456e-01
2.855000e+00 9.999460e-01
2.856000e+00 9.999463e-01
2.857000e+00 9.999466e-01
2.858000e+00 9.999469e-01
2.859000e+00 9.999473e-01
2.860000e+00 9.999476e-01
2.861000e+00 9.999479e-01
2.862000e+00 9.999482e-01
2.863000e+00 9.999485e-01
2.864000e+00 9.999488e-01
2.865000e+00 9.999491e-01
2.866000e+00 9.999494e-01
2.867000e+00 9.999497e-01
2.868000e+00 9.999500e-01
2.869000e+00 9.999503e-01
2.870000e+00 9.999506e-01
2.871000e+00 9.999509e-01
2.872000e+00 9.999512e-01
2.873000e+00 9.999515e-01
2.874000e+00 9.999518e-01
2.875000e+00 9.999521e-01
2.876000e+00 9.999524e-01
2.877000e+00 9.999527e-01
2.878000e+00 9.999530e-01
2.879000e+00 9.999533e-01
2.880000e+00 9.999536e-01
2.881000e+00 9.999538e-01
2.882000e+00 9.999541e-01
2.883000e+00 9.999544e-01
2.884000e+00 9.999547e-01
2.885000e+00 9.999549e-01
2.886000e+00 9.999552e-01
2.887000e+00 9.999555e-01
2.888000e+00 9.999558e-01
2.889000e+00 9.999560e-01
2.890000e+00 9.999563e-01
2.891000e+00 9.999566e-01
2.892000e+00 9.999568e-01
2.893000e+00 9.999571e-01
2.894000e+00 9.999573e-01
2.895000e+00 9.999576e-01
2.896000e+00 9.999579e-01
2.897000e+00 9.999581e-01
2.898000e+00 9.999584e-01
2.899000e+00 9.999586e-01
2.900000e+00 9.999589e-01
2.901000e+00 9.999591e-01
2.902000e+00 9.999594e-01
2.903000e+00 9.999596e-01
2.904000e+00 9.999599e-01
2.905000e+00 9.999601e-01
2.906000e+00 9.999604e-01
2.907000e+00 9.999606e-01
2.908000e+00 9.999608e-01
2.909000e+00 9.999611e-01
2.910000e+00 9.999613e-01
2.911000e+00 9.999616e-01
2.912000e+00 9.999618e-01
2.913000e+00 9.999620e-01
2.914000e+00 9.999623e-01
2.915000e+00 9.999625e-01
2.916000e+00 9.999627e-01
2.917000e+00 9.999629e-01
2.918000e+00 9.999632e-01
2.919000e+00 9.999634e-01
2.920000e+00 9.999636e-01
2.921000e+00 9.999638e-01
2.922000e+00 9.999641e-01
2.923000e+00 9.999643e-01
2.924000e+00 9.999645e-01
2.925000e+00 9.999647e-01
2.926000e+00 9.999649e-01
2.927000e+00 9.999652e-01
2.928000e+00 9.999654e-01
2.929000e+00 9.999656e-01
2.930000e+00 9.999658e-01
2.931000e+00 9.999660e-01
2.932000e+00 9.999662e-01
2.933000e+00 9.999664e-01
2.934000e+00 9.999666e-01
2.935000e+00 9.999668e-01
2.936000e+00 9.999670e-01
2.937000e+00 9.999672e-01
2.938000e+00 9.999674e-01
2.939000e+00 9.999676e-01
2.940000e+00 9.999678e-01
2.941000e+00 9.999680e-01
2.942000e+00 9.999682e-01
2.943000e+00 9.999684e-01
2.944000e+00 9.999686e-01
2.945000e+00 9.999688e-01
2.946000e+00 9.999690e-01
2.947000e+00 9.999692e-01
2.948000e+00 9.999694e-01
2.949000e+00 9.999696e-01
2.950000e+00 9.999698e-01
2.951000e+00 9.999700e-01
2.952000e+00 9.999702e-01
2.953000e+00 9.999703e-01
2.954000e+00 9.999705e-01
2.955000e+00 9.999707e-01
2.956000e+00 9.999709e-01
2.957000e+00 9.999711e-01
2.958000e+00 9.999712e-01
2.959000e+00 9.999714e-01
2.960000e+00 9.999716e-01
2.961000e+00 9.999718e-01
2.962000e+00 9.999720e-01
2.963000e+00 9.999721e-01
2.964000e+00 9.999723e-01
2.965000e+00 9.999725e-01
2.966000e+00 9.999726e-01
2.967000e+00 9.999728e-01
2.968000e+00 9.999730e-01
2.969000e+00 9.999731e-01
2.970000e+00 9.999733e-01
2.971000e+00 9.999735e-01
2.972000e+00 9.999736e-01
2.973000e+00 9.999738e-01
2.974000e+00 9.999740e-01
2.975000e+00 9.999741e-01
2.976000e+00 9.999743e-01
2.977000e+00 9.999745e-01
2.978000e+00 9.999746e-01
2.979000e+00 9.999748e-01
2.980000e+00 9.999749e-01
2.981000e+00 9.999751e-01
2.982000e+00 9.999752e-01
2.983000e+00 9.999754e-01
2.984000e+00 9.999756e-01
2.985000e+00 9.999757e-01
2.986000e+00 9.999759e-01
2.987000e+00 9.999760e-01
2.988000e+00 9.999762e-01
2.989000e+00 9.999763e-01
2.990000e+00 9.999765e-01
2.991000e+00 9.999766e-01
2.992000e+00 9.999768e-01
2.993000e+00 9.999769e-01
2.994000e+00 9.999770e-01
2.995000e+00 9.999772e-01
2.996000e+00 9.999773e-01
2.997000e+00 9.999775e-01
2.998000e+00 9.999776e-01
2.999000e+00 9.999778e-01
3.000000e+00 9.999779e-01
3.001000e+00 9.999780e-01
3.002000e+00 9.999782e-01
3.003000e+00 9.999783e-01
3.004000e+00 9.999784e-01
3.005000e+00 9.999786e-01
3.006000e+00 9.999787e-01
3.007000e+00 9.999788e-01
3.008000e+00 9.999790e-01
3.009000e+00 9.999791e-01
3.010000e+00 9.999792e-01
3.011000e+00 9.999794e-01
3.012000e+00 9.999795e-01
3.013000e+00 9.999796e-01
3.014000e+00 9.999798e-01
3.015000e+00 9.999799e-01
3.016000e+00 9.999800e-01
3.017000e+00 9.999801e-01
3.018000e+00 9.999803e-01
3.019000e+00 9.999804e-01
3.020000e+00 9.999805e-01
3.021000e+00 9.999806e-01
3.022000e+00 9.999808e-01
3.023000e+00 9.999809e-01
3.024000e+00 9.999810e-01
3.025000e+00 9.999811e-01
3.026000e+00 9.999812e-01
3.027000e+00 9.999814e-01
3.028000e+00 9.999815e-01
3.029000e+00 9.999816e-01
3.030000e+00 9.999817e-01
3.031000e+00 9.999818e-01
3.032000e+00 9.999819e-01
3.033000e+00 9.999821e-01
3.034000e+00 9.999822e-01
3.035000e+00 9.999823e-01
3.036000e+00 9.999824e-01
3.037000e+00 9.999825e-01
3.038000e+00 9.999826e-01
3.039000e+00 9.999827e-01
3.040000e+00 9.999828e-01
3.041000e+00 9.999830e-01
3.042000e+00 9.999831e-01
3.043000e+00 9.999832e-01
3.044000e+00 9.999833e-01
3.045000e+00 9.999834e-01
3.046000e+00 9.999835e-01
3.047000e+00 9.999836e-01
3.048000e+00 9.999837e-01
3.049000e+00 9.999838e-01
3.050000e+00 9.999839e-01
3.051000e+00 9.999840e-01
3.052000e+00 9.999841e-01
3.053000e+00 9.999842e-01
3.054000e+00 9.999843e-01
3.055000e+00 9.999844e-01
3.056000e+00 9.999845e-01
3.057000e+00 9.999846e-01
3.058000e+00 9.999847e-01
3.059000e+00 9.999848e-01
3.060000e+00 9.999849e-01
3.061000e+00 9.999850e-01
3.062000e+00 9.999851e-01
3.063000e+00 9.999852e-01
3.064000e+00 9.999853e-01
3.065000e+00 9.999854e-01
3.066000e+00 9.999855e-01
3.067000e+00 9.999856e-01
3.068000e+00 9.999857e-01
3.069000e+00 9.999858e-01
3.070000e+00 9.999858e-01
3.071000e+00 9.999859e-01
3.072000e+00 9.999860e-01
3.073000e+00 9.999861e-01
3.074000e+00 9.999862e-01
3.075000e+00 9.999863e-01
3.076000e+00 9.999864e-01
3.077000e+00 9.999865e-01
3.078000e+00 9.999866e-01
3.079000e+00 9.999866e-01
3.080000e+00 9.999867e-01
3.081000e+00 9.999868e-01
3.082000e+00 9.999869e-01
3.083000e+00 9.999870e-01
3.084000e+00 9.999871e-01
3.085000e+00 9.999872e-01
3.086000e+00 9.999872e-01
3.087000e+00 9.999873e-01
3.088000e+00 9.999874e-01
3.089000e+00 9.999875e-01
3.090000e+00 9.999876e-01
3.091000e+00 9.999876e-01
3.092000e+00 9.999877e-01
3.093000e+00 9.999878e-01
3.094000e+00 9.999879e-01
3.095000e+00 9.999880e-01
3.096000e+00 9.999880e-01
3.097000e+00 9.999881e-01
3.098000e+00 9.999882e-01
3.099000e+00 9.999883e-01
3.100000e+00 9.999883e-01
3.101000e+00 9.999884e-01
3.102000e+00 9.999885e-01
3.103000e+00 9.999886e-01
3.104000e+00 9.999886e-01
3.105000e+00 9.999887e-01
3.106000e+00 9.999888e-01
3.107000e+00 9.999889e-01
3.108000e+00 9.999889e-01
3.109000e+00 9.999890e-01
3.110000e+00 9.999891e-01
3.111000e+00 9.999891e-01
3.112000e+00 9.999892e-01
3.113000e+00 9.999893e-01
3.114000e+00 9.999894e-01
3.115000e+00 9.999894e-01
3.116000e+00 9.999895e-01
3.117000e+00 9.999896e-01
3.118000e+00 9.999896e-01
3.119000e+00 9.999897e-01
3.120000e+00 9.999898e-01
3.121000e+00 9.999898e-01
3.122000e+00 9.999899e-01
3.123000e+00 9.999900e-01
3.124000e+00 9.999900e-01
3.125000e+00 9.999901e-01
3.126000e+00 9.999902e-01
3.127000e+00 9.999902e-01
3.128000e+00 9.999903e-01
3.129000e+00 9.999904e-01
3.130000e+00 9.999904e-01
3.131000e+00 9.999905e-01
3.132000e+00 9.999905e-01
3.133000e+00 9.999906e-01
3.134000e+00 9.999907e-01
3.135000e+00 9.999907e-01
3.136000e+00 9.999908e-01
3.137000e+00 9.999908e-01
3.138000e+00 9.999909e-01
3.139000e+00 9.999910e-01
3.140000e+00 9.999910e-01
3.141000e+00 9.999911e-01
3.142000e+00 9.999911e-01
3.143000e+00 9.999912e-01
3.144000e+00 9.999913e-01
3.145000e+00 9.999913e-01
3.146000e+00 9.999914e-01
3.147000e+00 9.999914e-01
3.148000e+00 9.999915e-01
3.149000e+00 9.999915e-01
3.150000e+00 9.999916e-01
3.151000e+00 9.999916e-01
3.152000e+00 9.999917e-01
3.153000e+00 9.999918e-01
3.154000e+00 9.999918e-01
3.155000e+00 9.999919e-01
3.156000e+00 9.999919e-01
3.157000e+00 9.999920e-01
3.158000e+00 9.999920e-01
3.159000e+00 9.999921e-01
3.160000e+00 9.999921e-01
3.161000e+00 9.999922e-01
3.162000e+00 9.999922e-01
3.163000e+00 9.999923e-01
3.164000e+00 9.999923e-01
3.165000e+00 9.999924e-01
3.166000e+00 9.999924e-01
3.167000e+00 9.999925e-01
3.168000e+00 9.999925e-01
3.169000e+00 9.999926e-01
3.170000e+00 9.999926e-01
3.171000e+00 9.999927e-01
3.172000e+00 9.999927e-01
3.173000e+00 9.999928e-01
3.174000e+00 9.999928e-01
3.175000e+00 9.999929e-01
3.176000e+00 9.999929e-01
3.177000e+00 9.999930e-01
3.178000e+00 9.999930e-01
3.179000e+00 9.999931e-01
3.180000e+00 9.999931e-01
3.181000e+00 9.999932e-01
3.182000e+00 9.999932e-01
3.183000e+00 9.999932e-01
3.184000e+00 9.999933e-01
3.185000e+00 9.999933e-01
3.186000e+00 9.999934e-01
3.187000e+00 9.999934e-01
3.188000e+00 9.999935e-01
3.189000e+00 9.999935e-01
3.190000e+00 9.999936e-01
3.191000e+00 9.999936e-01
3.192000e+00 9.999936e-01
3.193000e+00 9.999937e-01
3.194000e+00 9.999937e-01
3.195000e+00 9.999938e-01
3.196000e+00 9.999938e-01
3.197000e+00 9.999938e-01
3.198000e+00 9.999939e-01
3.199000e+00 9.999939e-01
3.200000e+00 9.999940e-01
3.201000e+00 9.999940e-01
3.202000e+00 9.999940e-01
3.203000e+00 9.999941e-01
3.204000e+00 9.999941e-01
3.205000e+00 9.999942e-01
3.206000e+00 9.999942e-01
3.207000e+00 9.999942e-01
3.208000e+00 9.999943e-01
3.209000e+00 9.999943e-01
3.210000e+00 9.999944e-01
3.211000e+00 9.999944e-01
3.212000e+00 9.999944e-01
3.213000e+00 9.999945e-01
3.214000e+00 9.999945e-01
3.215000e+00 9.999945e-01
3.216000e+00 9.999946e-01
3.217000e+00 9.999946e-01
3.218000e+00 9.999947e-01
3.219000e+00 9.999947e-01
3.220000e+00 9.999947e-01
3.221000e+00 9.999948e-01
3.222000e+00 9.999948e-01
3.223000e+00 9.999948e-01
3.224000e+00 9.999949e-01
3.225000e+00 9.999949e-01
3.226000e+00 9.999949e-01
3.227000e+00 9.999950e-01
3.228000e+00 9.999950e-01
3.229000e+00 9.999950e-01
3.230000e+00 9.999951e-01
3.231000e+00 9.999951e-01
3.232000e+00 9.999951e-01
3.233000e+00 9.999952e-01
3.234000e+00 9.999952e-01
3.235000e+00 9.999952e-01
3.236000e+00 9.999953e-01
3.237000e+00 9.999953e-01
3.238000e+00 9.999953e-01
3.239000e+00 9.999954e-01
3.240000e+00 9.999954e-01
3.241000e+00 9.999954e-01
3.242000e+00 9.999955e-01
3.243000e+00 9.999955e-01
3.244000e+00 9.999955e-01
3.245000e+00 9.999955e-01
3.246000e+00 9.999956e-01
3.247000e+00 9.999956e-01
3.248000e+00 9.999956e-01
3.249000e+00 9.999957e-01
3.250000e+00 9.999957e-01
3.251000e+00 9.999957e-01
3.252000e+00 9.999958e-01
3.253000e+00 9.999958e-01
3.254000e+00 9.999958e-01
3.255000e+00 9.999958e-01
3.256000e+00 9.999959e-01
3.257000e+00 9.999959e-01
3.258000e+00 9.999959e-01
3.259000e+00 9.999959e-01
3.260000e+00 9.999960e-01
3.261000e+00 9.999960e-01
3.262000e+00 9.999960e-01
3.263000e+00 9.999961e-01
3.264000e+00 9.999961e-01
3.265000e+00 9.999961e-01
3.266000e+00 9.999961e-01
3.267000e+00 9.999962e-01
3.268000e+00 9.999962e-01
3.269000e+00 9.999962e-01
3.270000e+00 9.999962e-01
3.271000e+00 9.999963e-01
3.272000e+00 9.999963e-01
3.273000e+00 9.999963e-01
3.274000e+00 9.999963e-01
3.275000e+00 9.999964e-01
3.276000e+00 9.999964e-01
3.277000e+00 9.999964e-01
3.278000e+00 9.999964e-01
3.279000e+00 9.999965e-01
3.280000e+00 9.999965e-01
3.281000e+00 9.999965e-01
3.282000e+00 9.999965e-01
3.283000e+00 9.999966e-01
3.284000e+00 9.999966e-01
3.285000e+00 9.999966e-01
3.286000e+00 9.999966e-01
3.287000e+00 9.999967e-01
3.288000e+00 9.999967e-01
3.289000e+00 9.999967e-01
3.290000e+00 9.999967e-01
3.291000e+00 9.999967e-01
3.292000e+00 9.999968e-01
3.293000e+00 9.999968e-01
3.294000e+00 9.999968e-01
3.295000e+00 9.999968e-01
3.296000e+00 9.999969e-01
3.297000e+00 9.999969e-01
3.298000e+00 9.999969e-01
3.299000e+00 9.999969e-01
3.300000e+00 9.999969e-01
3.301000e+00 9.999970e-01
3.302000e+00 9.999970e-01
3.303000e+00 9.999970e-01
3.304000e+00 9.999970e-01
3.305000e+00 9.999970e-01
3.306000e+00 9.999971e-01
3.307000e+00 9.999971e-01
3.308000e+00 9.999971e-01
3.309000e+00 9.999971e-01
3.310000e+00 9.999971e-01
3.311000e+00 9.999972e-01
3.312000e+00 9.999972e-01
3.313000e+00 9.999972e-01
3.314000e+00 9.999972e-01
3.315000e+00 9.999972e-01
3.316000e+00 9.999973e-01
3.317000e+00 9.999973e-01
3.318000e+00 9.999973e-01
3.319000e+00 9.999973e-01
3.320000e+00 9.999973e-01
3.321000e+00 9.999974e-01
3.322000e+00 9.999974e-01
3.323000e+00 9.999974e-01
3.324000e+00 9.999974e-01
3.325000e+00 9.999974e-01
3.326000e+00 9.999974e-01
3.327000e+00 9.999975e-01
3.328000e+00 9.999975e-01
3.329000e+00 9.999975e-01
3.330000e+00 9.999975e-01
3.331000e+00 9.999975e-01
3.332000e+00 9.999975e-01
3.333000e+00 9.999976e-01
3.334000e+00 9.999976e-01
3.335000e+00 9.999976e-01
3.336000e+00 9.999976e-01
3.337000e+00 9.999976e-01
3.338000e+00 9.999976e-01
3.339000e+00 9.999977e-01
3.340000e+00 9.999977e-01
3.341000e+00 9.999977e-01
3.342000e+00 9.999977e-01
3.343000e+00 9.999977e-01
3.344000e+00 9.999977e-01
3.345000e+00 9.999978e-01
3.346000e+00 9.999978e-01
3.347000e+00 9.999978e-01
3.348000e+00 9.999978e-01
3.349000e+00 9.999978e-01
3.350000e+00 9.999978e-01
3.351000e+00 9.999978e-01
3.352000e+00 9.999979e-01
3.353000e+00 9.999979e-01
3.354000e+00 9.999979e-01
3.355000e+00 9.999979e-01
3.356000e+00 9.999979e-01
3.357000e+00 9.999979e-01
3.358000e+00 9.999980e-01
3.359000e+00 9.999980e-01
3.360000e+00 9.999980e-01
3.361000e+00 9.999980e-01
3.362000e+00 9.999980e-01
3.363000e+00 9.999980e-01
3.364000e+00 9.999980e-01
3.365000e+00 9.999981e-01
3.366000e+00 9.999981e-01
3.367000e+00 9.999981e-01
3.368000e+00 9.999981e-01
3.369000e+00 9.999981e-01
3.370000e+00 9.999981e-01
3.371000e+00 9.999981e-01
3.372000e+00 9.999981e-01
3.373000e+00 9.999982e-01
3.374000e+00 9.999982e-01
3.375000e+00 9.999982e-01
3.376000e+00 9.999982e-01
3.377000e+00 9.999982e-01
3.378000e+00 9.999982e-01
3.379000e+00 9.999982e-01
3.380000e+00 9.999982e-01
3.381000e+00 9.999983e-01
3.382000e+00 9.999983e-01
3.383000e+00 9.999983e-01
3.384000e+00 9.999983e-01
3.385000e+00 9.999983e-01
3.386000e+00 9.999983e-01
3.387000e+00 9.999983e-01
3.388000e+00 9.999983e-01
3.389000e+00 9.999984e-01
3.390000e+00 9.999984e-01
3.391000e+00 9.999984e-01
3.392000e+00 9.999984e-01
3.393000e+00 9.999984e-01
3.394000e+00 9.999984e-01
3.395000e+00 9.999984e-01
3.396000e+00 9.999984e-01
3.397000e+00 9.999984e-01
3.398000e+00 9.999985e-01
3.399000e+00 9.999985e-01
3.400000e+00 9.999985e-01
3.401000e+00 9.999985e-01
3.402000e+00 9.999985e-01
3.403000e+00 9.999985e-01
3.404000e+00 9.999985e-01
3.405000e+00 9.999985e-01
3.406000e+00 9.999985e-01
3.407000e+00 9.999985e-01
3.408000e+00 9.999986e-01
3.409000e+00 9.999986e-01
3.410000e+00 9.999986e-01
3.411000e+00 9.999986e-01
3.412000e+00 9.999986e-01
3.413000e+00 9.999986e-01
3.414000e+00 9.999986e-01
3.415000e+00 9.999986e-01
3.416000e+00 9.999986e-01
3.417000e+00 9.999986e-01
3.418000e+00 9.999987e-01
3.419000e+00 9.999987e-01
3.420000e+00 9.999987e-01
3.421000e+00 9.999987e-01
3.422000e+00 9.999987e-01
3.423000e+00 9.999987e-01
3.424000e+00 9.999987e-01
3.425000e+00 9.999987e-01
3.426000e+00 9.999987e-01
3.427000e+00 9.999987e-01
3.428000e+00 9.999988e-01
3.429000e+00 9.999988e-01
3.430000e+00 9.999988e-01
3.431000e+00 9.999988e-01
3.432000e+00 9.999988e-01
3.433000e+00 9.999988e-01
3.434000e+00 9.999988e-01
3.435000e+00 9.999988e-01
3.436000e+00 9.999988e-01
3.437000e+00 9.999988e-01
3.438000e+00 9.999988e-01
3.439000e+00 9.999988e-01
3.440000e+00 9.999989e-01
3.441000e+00 9.999989e-01
3.442000e+00 9.999989e-01
3.443000e+00 9.999989e-01
3.444000e+00 9.999989e-01
3.445000e+00 9.999989e-01
3.446000e+00 9.999989e-01
3.447000e+00 9.999989e-01
3.448000e+00 9.999989e-01
3.449000e+00 9.999989e-01
3.450000e+00 9.999989e-01
3.451000e+00 9.999989e-01
3.452000e+00 9.999989e-01
3.453000e+00 9.999990e-01
3.454000e+00 9.999990e-01
3.455000e+00 9.999990e-01
3.456000e+00 9.999990e-01
3.457000e+00 9.999990e-01
3.458000e+00 9.999990e-01
3.459000e+00 9.999990e-01
3.460000e+00 9.999990e-01
3.461000e+00 9.999990e-01
3.462000e+00 9.999990e-01
3.463000e+00 9.999990e-01
3.464000e+00 9.999990e-01
3.465000e+00 9.999990e-01
3.466000e+00 9.999990e-01
3.467000e+00 9.999991e-01
3.468000e+00 9.999991e-01
3.469000e+00 9.999991e-01
3.470000e+00 9.999991e-01
3.471000e+00 9.999991e-01
3.472000e+00 9.999991e-01
3.473000e+00 9.999991e-01
3.474000e+00 9.999991e-01
3.475000e+00 9.999991e-01
3.476000e+00 9.999991e-01
3.477000e+00 9.999991e-01
3.478000e+00 9.999991e-01
3.479000e+00 9.999991e-01
3.480000e+00 9.999991e-01
3.481000e+00 9.999991e-01
3.482000e+00 9.999992e-01
3.483000e+00 9.999992e-01
3.484000e+00 9.999992e-01
3.485000e+00 9.999992e-01
3.486000e+00 9.999992e-01
3.487000e+00 9.999992e-01
3.488000e+00 9.999992e-01
3.489000e+00 9.999992e-01
3.490000e+00 9.999992e-01
3.491000e+00 9.999992e-01
3.492000e+00 9.999992e-01
3.493000e+00 9.999992e-01
3.494000e+00 9.999992e-01
3.495000e+00 9.999992e-01
3.496000e+00 9.999992e-01
3.497000e+00 9.999992e-01
3.498000e+00 9.999992e-01
3.499000e+00 9.999993e-01
3.500000e+00 9.999993e-01
