0.000000e+00 nan
1.000000e-03 6.907179e+00
2.000000e-03 6.213457e+00
3.000000e-03 5.807419e+00
4.000000e-03 5.519165e+00
5.000000e-03 5.295452e+00
6.000000e-03 5.112562e+00
7.000000e-03 4.957845e+00
8.000000e-03 4.823748e+00
9.000000e-03 4.705402e+00
1.000000e-02 4.599480e+00
1.100000e-02 4.503610e+00
1.200000e-02 4.416040e+00
1.300000e-02 4.335440e+00
1.400000e-02 4.260777e+00
1.500000e-02 4.191231e+00
1.600000e-02 4.126140e+00
1.700000e-02 4.064965e+00
1.800000e-02 4.007258e+00
1.900000e-02 3.952643e+00
2.000000e-02 3.900805e+00
2.100000e-02 3.851470e+00
2.200000e-02 3.804408e+00
2.300000e-02 3.759415e+00
2.400000e-02 3.716317e+00
2.500000e-02 3.674957e+00
2.600000e-02 3.635200e+00
2.700000e-02 3.596925e+00
2.800000e-02 3.560025e+00
2.900000e-02 3.524402e+00
3.000000e-02 3.489971e+00
3.100000e-02 3.456653e+00
3.200000e-02 3.424378e+00
3.300000e-02 3.393081e+00
3.400000e-02 3.362705e+00
3.500000e-02 3.333195e+00
3.600000e-02 3.304504e+00
3.700000e-02 3.276587e+00
3.800000e-02 3.249401e+00
3.900000e-02 3.222910e+00
4.000000e-02 3.197078e+00
4.100000e-02 3.171873e+00
4.200000e-02 3.147265e+00
4.300000e-02 3.123225e+00
4.400000e-02 3.099727e+00
4.500000e-02 3.076748e+00
4.600000e-02 3.054264e+00
4.700000e-02 3.032255e+00
4.800000e-02 3.010700e+00
4.900000e-02 2.989581e+00
5.000000e-02 2.968879e+00
5.100000e-02 2.948579e+00
5.200000e-02 2.928666e+00
5.300000e-02 2.909124e+00
5.400000e-02 2.889939e+00
5.500000e-02 2.871099e+00
5.600000e-02 2.852591e+00
5.700000e-02 2.834403e+00
5.800000e-02 2.816525e+00
5.900000e-02 2.798946e+00
6.000000e-02 2.781655e+00
6.100000e-02 2.764644e+00
6.200000e-02 2.747903e+00
6.300000e-02 2.731424e+00
6.400000e-02 2.715198e+00
6.500000e-02 2.699218e+00
6.600000e-02 2.683477e+00
6.700000e-02 2.667966e+00
6.800000e-02 2.652679e+00
6.900000e-02 2.637611e+00
7.000000e-02 2.622754e+00
7.100000e-02 2.608102e+00
7.200000e-02 2.593651e+00
7.300000e-02 2.579393e+00
7.400000e-02 2.565325e+00
7.500000e-02 2.551441e+00
7.600000e-02 2.537737e+00
7.700000e-02 2.524207e+00
7.800000e-02 2.510847e+00
7.900000e-02 2.497653e+00
8.000000e-02 2.484620e+00
8.100000e-02 2.471746e+00
8.200000e-02 2.459025e+00
8.300000e-02 2.446455e+00
8.400000e-02 2.434031e+00
8.500000e-02 2.421750e+00
8.600000e-02 2.409609e+00
8.700000e-02 2.397605e+00
8.800000e-02 2.385735e+00
8.900000e-02 2.373995e+00
9.000000e-02 2.362383e+00
9.100000e-02 2.350895e+00
9.200000e-02 2.339530e+00
9.300000e-02 2.328285e+00
9.400000e-02 2.317156e+00
9.500000e-02 2.306143e+00
9.600000e-02 2.295241e+00
9.700000e-02 2.284450e+00
9.800000e-02 2.273766e+00
9.900000e-02 2.263187e+00
1.000000e-01 2.252713e+00
1.010000e-01 2.242339e+00
1.020000e-01 2.232065e+00
1.030000e-01 2.221889e+00
1.040000e-01 2.211808e+00
1.050000e-01 2.201822e+00
1.060000e-01 2.191927e+00
1.070000e-01 2.182123e+00
1.080000e-01 2.172407e+00
1.090000e-01 2.162779e+00
1.100000e-01 2.153236e+00
1.110000e-01 2.143778e+00
1.120000e-01 2.134402e+00
1.130000e-01 2.125107e+00
1.140000e-01 2.115891e+00
1.150000e-01 2.106755e+00
1.160000e-01 2.097695e+00
1.170000e-01 2.088711e+00
1.180000e-01 2.079801e+00
1.190000e-01 2.070965e+00
1.200000e-01 2.062200e+00
1.210000e-01 2.053507e+00
1.220000e-01 2.044883e+00
1.230000e-01 2.036327e+00
1.240000e-01 2.027840e+00
1.250000e-01 2.019418e+00
1.260000e-01 2.011062e+00
1.270000e-01 2.002771e+00
1.280000e-01 1.994543e+00
1.290000e-01 1.986377e+00
1.300000e-01 1.978272e+00
1.310000e-01 1.970229e+00
1.320000e-01 1.962245e+00
1.330000e-01 1.954319e+00
1.340000e-01 1.946452e+00
1.350000e-01 1.938641e+00
1.360000e-01 1.930887e+00
1.370000e-01 1.923189e+00
1.380000e-01 1.915545e+00
1.390000e-01 1.907954e+00
1.400000e-01 1.900417e+00
1.410000e-01 1.892933e+00
1.420000e-01 1.885500e+00
1.430000e-01 1.878118e+00
1.440000e-01 1.870786e+00
1.450000e-01 1.863504e+00
1.460000e-01 1.856271e+00
1.470000e-01 1.849086e+00
1.480000e-01 1.841948e+00
1.490000e-01 1.834858e+00
1.500000e-01 1.827814e+00
1.510000e-01 1.820816e+00
1.520000e-01 1.813863e+00
1.530000e-01 1.806954e+00
1.540000e-01 1.800090e+00
1.550000e-01 1.793269e+00
1.560000e-01 1.786491e+00
1.570000e-01 1.779756e+00
1.580000e-01 1.773062e+00
1.590000e-01 1.766410e+00
1.600000e-01 1.759799e+00
1.610000e-01 1.753228e+00
1.620000e-01 1.746697e+00
1.630000e-01 1.740206e+00
1.640000e-01 1.733753e+00
1.650000e-01 1.727339e+00
1.660000e-01 1.720963e+00
1.670000e-01 1.714625e+00
1.680000e-01 1.708324e+00
1.690000e-01 1.702059e+00
1.700000e-01 1.695831e+00
1.710000e-01 1.689639e+00
1.720000e-01 1.683482e+00
1.730000e-01 1.677361e+00
1.740000e-01 1.671274e+00
1.750000e-01 1.665221e+00
1.760000e-01 1.659203e+00
1.770000e-01 1.653218e+00
1.780000e-01 1.647266e+00
1.790000e-01 1.641347e+00
1.800000e-01 1.635461e+00
1.810000e-01 1.629606e+00
1.820000e-01 1.623784e+00
1.830000e-01 1.617993e+00
1.840000e-01 1.612233e+00
1.850000e-01 1.606504e+00
1.860000e-01 1.600806e+00
1.870000e-01 1.595138e+00
1.880000e-01 1.589499e+00
1.890000e-01 1.583891e+00
1.900000e-01 1.578311e+00
1.910000e-01 1.572761e+00
1.920000e-01 1.567239e+00
1.930000e-01 1.561745e+00
1.940000e-01 1.556280e+00
1.950000e-01 1.550843e+00
1.960000e-01 1.545433e+00
1.970000e-01 1.540050e+00
1.980000e-01 1.534695e+00
1.990000e-01 1.529366e+00
2.000000e-01 1.524064e+00
2.010000e-01 1.518788e+00
2.020000e-01 1.513538e+00
2.030000e-01 1.508314e+00
2.040000e-01 1.503115e+00
2.050000e-01 1.497942e+00
2.060000e-01 1.492794e+00
2.070000e-01 1.487670e+00
2.080000e-01 1.482571e+00
2.090000e-01 1.477497e+00
2.100000e-01 1.472446e+00
2.110000e-01 1.467420e+00
2.120000e-01 1.462417e+00
2.130000e-01 1.457438e+00
2.140000e-01 1.452482e+00
2.150000e-01 1.447549e+00
2.160000e-01 1.442639e+00
2.170000e-01 1.437752e+00
2.180000e-01 1.432887e+00
2.190000e-01 1.428045e+00
2.200000e-01 1.423224e+00
2.210000e-01 1.418426e+00
2.220000e-01 1.413649e+00
2.230000e-01 1.408894e+00
2.240000e-01 1.404160e+00
2.250000e-01 1.399447e+00
2.260000e-01 1.394755e+00
2.270000e-01 1.390084e+00
2.280000e-01 1.385434e+00
2.290000e-01 1.380804e+00
2.300000e-01 1.376194e+00
2.310000e-01 1.371605e+00
2.320000e-01 1.367035e+00
2.330000e-01 1.362486e+00
2.340000e-01 1.357956e+00
2.350000e-01 1.353445e+00
2.360000e-01 1.348954e+00
2.370000e-01 1.344482e+00
2.380000e-01 1.340029e+00
2.390000e-01 1.335595e+00
2.400000e-01 1.331179e+00
2.410000e-01 1.326782e+00
2.420000e-01 1.322404e+00
2.430000e-01 1.318044e+00
2.440000e-01 1.313702e+00
2.450000e-01 1.309377e+00
2.460000e-01 1.305071e+00
2.470000e-01 1.300783e+00
2.480000e-01 1.296512e+00
2.490000e-01 1.292259e+00
2.500000e-01 1.288023e+00
2.510000e-01 1.283804e+00
2.520000e-01 1.279602e+00
2.530000e-01 1.275417e+00
2.540000e-01 1.271249e+00
2.550000e-01 1.267098e+00
2.560000e-01 1.262963e+00
2.570000e-01 1.258844e+00
2.580000e-01 1.254742e+00
2.590000e-01 1.250657e+00
2.600000e-01 1.246587e+00
2.610000e-01 1.242533e+00
2.620000e-01 1.238495e+00
2.630000e-01 1.234473e+00
2.640000e-01 1.230467e+00
2.650000e-01 1.226476e+00
2.660000e-01 1.222500e+00
2.670000e-01 1.218540e+00
2.680000e-01 1.214595e+00
2.690000e-01 1.210665e+00
2.700000e-01 1.206750e+00
2.710000e-01 1.202850e+00
2.720000e-01 1.198965e+00
2.730000e-01 1.195094e+00
2.740000e-01 1.191238e+00
2.750000e-01 1.187397e+00
2.760000e-01 1.183570e+00
2.770000e-01 1.179757e+00
2.780000e-01 1.175958e+00
2.790000e-01 1.172174e+00
2.800000e-01 1.168403e+00
2.810000e-01 1.164647e+00
2.820000e-01 1.160904e+00
2.830000e-01 1.157175e+00
2.840000e-01 1.153459e+00
2.850000e-01 1.149757e+00
2.860000e-01 1.146069e+00
2.870000e-01 1.142394e+00
2.880000e-01 1.138732e+00
2.890000e-01 1.135084e+00
2.900000e-01 1.131448e+00
2.910000e-01 1.127826e+00
2.920000e-01 1.124217e+00
2.930000e-01 1.120620e+00
2.940000e-01 1.117036e+00
2.950000e-01 1.113465e+00
2.960000e-01 1.109907e+00
2.970000e-01 1.106361e+00
2.980000e-01 1.102828e+00
2.990000e-01 1.099307e+00
3.000000e-01 1.095798e+00
3.010000e-01 1.092302e+00
3.020000e-01 1.088817e+00
3.030000e-01 1.085345e+00
3.040000e-01 1.081885e+00
3.050000e-01 1.078437e+00
3.060000e-01 1.075001e+00
3.070000e-01 1.071576e+00
3.080000e-01 1.068163e+00
3.090000e-01 1.064762e+00
3.100000e-01 1.061373e+00
3.110000e-01 1.057995e+00
3.120000e-01 1.054628e+00
3.130000e-01 1.051273e+00
3.140000e-01 1.047929e+00
3.150000e-01 1.044597e+00
3.160000e-01 1.041276e+00
3.170000e-01 1.037965e+00
3.180000e-01 1.034666e+00
3.190000e-01 1.031378e+00
3.200000e-01 1.028101e+00
3.210000e-01 1.024835e+00
3.220000e-01 1.021579e+00
3.230000e-01 1.018334e+00
3.240000e-01 1.015100e+00
3.250000e-01 1.011877e+00
3.260000e-01 1.008664e+00
3.270000e-01 1.005462e+00
3.280000e-01 1.002270e+00
3.290000e-01 9.990883e-01
3.300000e-01 9.959172e-01
3.310000e-01 9.927563e-01
3.320000e-01 9.896057e-01
3.330000e-01 9.864652e-01
3.340000e-01 9.833349e-01
3.350000e-01 9.802146e-01
3.360000e-01 9.771043e-01
3.370000e-01 9.740039e-01
3.380000e-01 9.709135e-01
3.390000e-01 9.678329e-01
3.400000e-01 9.647621e-01
3.410000e-01 9.617010e-01
3.420000e-01 9.586496e-01
3.430000e-01 9.556079e-01
3.440000e-01 9.525757e-01
3.450000e-01 9.495531e-01
3.460000e-01 9.465399e-01
3.470000e-01 9.435362e-01
3.480000e-01 9.405419e-01
3.490000e-01 9.375569e-01
3.500000e-01 9.345812e-01
3.510000e-01 9.316148e-01
3.520000e-01 9.286575e-01
3.530000e-01 9.257094e-01
3.540000e-01 9.227704e-01
3.550000e-01 9.198404e-01
3.560000e-01 9.169194e-01
3.570000e-01 9.140074e-01
3.580000e-01 9.111043e-01
3.590000e-01 9.082101e-01
3.600000e-01 9.053247e-01
3.610000e-01 9.024481e-01
3.620000e-01 8.995803e-01
3.630000e-01 8.967211e-01
3.640000e-01 8.938706e-01
3.650000e-01 8.910287e-01
3.660000e-01 8.881953e-01
3.670000e-01 8.853705e-01
3.680000e-01 8.825542e-01
3.690000e-01 8.797463e-01
3.700000e-01 8.769468e-01
3.710000e-01 8.741557e-01
3.720000e-01 8.713729e-01
3.730000e-01 8.685983e-01
3.740000e-01 8.658321e-01
3.750000e-01 8.630740e-01
3.760000e-01 8.603240e-01
3.770000e-01 8.575822e-01
3.780000e-01 8.548485e-01
3.790000e-01 8.521229e-01
3.800000e-01 8.494052e-01
3.810000e-01 8.466955e-01
3.820000e-01 8.439937e-01
3.830000e-01 8.412999e-01
3.840000e-01 8.386139e-01
3.850000e-01 8.359357e-01
3.860000e-01 8.332653e-01
3.870000e-01 8.306027e-01
3.880000e-01 8.279477e-01
3.890000e-01 8.253005e-01
3.900000e-01 8.226609e-01
3.910000e-01 8.200289e-01
3.920000e-01 8.174045e-01
3.930000e-01 8.147876e-01
3.940000e-01 8.121782e-01
3.950000e-01 8.095764e-01
3.960000e-01 8.069819e-01
3.970000e-01 8.043948e-01
3.980000e-01 8.018152e-01
3.990000e-01 7.992428e-01
4.000000e-01 7.966778e-01
4.010000e-01 7.941201e-01
4.020000e-01 7.915695e-01
4.030000e-01 7.890263e-01
4.040000e-01 7.864901e-01
4.050000e-01 7.839612e-01
4.060000e-01 7.814393e-01
4.070000e-01 7.789245e-01
4.080000e-01 7.764168e-01
4.090000e-01 7.739161e-01
4.100000e-01 7.714225e-01
4.110000e-01 7.689357e-01
4.120000e-01 7.664559e-01
4.130000e-01 7.639830e-01
4.140000e-01 7.615170e-01
4.150000e-01 7.590579e-01
4.160000e-01 7.566055e-01
4.170000e-01 7.541600e-01
4.180000e-01 7.517212e-01
4.190000e-01 7.492891e-01
4.200000e-01 7.468637e-01
4.210000e-01 7.444450e-01
4.220000e-01 7.420330e-01
4.230000e-01 7.396276e-01
4.240000e-01 7.372287e-01
4.250000e-01 7.348365e-01
4.260000e-01 7.324507e-01
4.270000e-01 7.300715e-01
4.280000e-01 7.276988e-01
4.290000e-01 7.253325e-01
4.300000e-01 7.229726e-01
4.310000e-01 7.206192e-01
4.320000e-01 7.182721e-01
4.330000e-01 7.159314e-01
4.340000e-01 7.135970e-01
4.350000e-01 7.112689e-01
4.360000e-01 7.089471e-01
4.370000e-01 7.066316e-01
4.380000e-01 7.043222e-01
4.390000e-01 7.020191e-01
4.400000e-01 6.997222e-01
4.410000e-01 6.974314e-01
4.420000e-01 6.951467e-01
4.430000e-01 6.928681e-01
4.440000e-01 6.905957e-01
4.450000e-01 6.883292e-01
4.460000e-01 6.860688e-01
4.470000e-01 6.838144e-01
4.480000e-01 6.815660e-01
4.490000e-01 6.793236e-01
4.500000e-01 6.770871e-01
4.510000e-01 6.748565e-01
4.520000e-01 6.726318e-01
4.530000e-01 6.704130e-01
4.540000e-01 6.682000e-01
4.550000e-01 6.659929e-01
4.560000e-01 6.637915e-01
4.570000e-01 6.615960e-01
4.580000e-01 6.594062e-01
4.590000e-01 6.572221e-01
4.600000e-01 6.550438e-01
4.610000e-01 6.528711e-01
4.620000e-01 6.507042e-01
4.630000e-01 6.485428e-01
4.640000e-01 6.463871e-01
4.650000e-01 6.442371e-01
4.660000e-01 6.420926e-01
4.670000e-01 6.399536e-01
4.680000e-01 6.378203e-01
4.690000e-01 6.356924e-01
4.700000e-01 6.335701e-01
4.710000e-01 6.314532e-01
4.720000e-01 6.293418e-01
4.730000e-01 6.272359e-01
4.740000e-01 6.251354e-01
4.750000e-01 6.230403e-01
4.760000e-01 6.209506e-01
4.770000e-01 6.188662e-01
4.780000e-01 6.167872e-01
4.790000e-01 6.147136e-01
4.800000e-01 6.126452e-01
4.810000e-01 6.105821e-01
4.820000e-01 6.085243e-01
4.830000e-01 6.064718e-01
4.840000e-01 6.044245e-01
4.850000e-01 6.023824e-01
4.860000e-01 6.003455e-01
4.870000e-01 5.983138e-01
4.880000e-01 5.962873e-01
4.890000e-01 5.942659e-01
4.900000e-01 5.922496e-01
4.910000e-01 5.902385e-01
4.920000e-01 5.882324e-01
4.930000e-01 5.862314e-01
4.940000e-01 5.842354e-01
4.950000e-01 5.822445e-01
4.960000e-01 5.802586e-01
4.970000e-01 5.782777e-01
4.980000e-01 5.763018e-01
4.990000e-01 5.743309e-01
5.000000e-01 5.723649e-01
5.010000e-01 5.704039e-01
5.020000e-01 5.684478e-01
5.030000e-01 5.664965e-01
5.040000e-01 5.645502e-01
5.050000e-01 5.626087e-01
5.060000e-01 5.606721e-01
5.070000e-01 5.587403e-01
5.080000e-01 5.568133e-01
5.090000e-01 5.548912e-01
5.100000e-01 5.529738e-01
5.110000e-01 5.510612e-01
5.120000e-01 5.491534e-01
5.130000e-01 5.472502e-01
5.140000e-01 5.453519e-01
5.150000e-01 5.434582e-01
5.160000e-01 5.415692e-01
5.170000e-01 5.396849e-01
5.180000e-01 5.378052e-01
5.190000e-01 5.359303e-01
5.200000e-01 5.340599e-01
5.210000e-01 5.321941e-01
5.220000e-01 5.303330e-01
5.230000e-01 5.284764e-01
5.240000e-01 5.266244e-01
5.250000e-01 5.247770e-01
5.260000e-01 5.229341e-01
5.270000e-01 5.210958e-01
5.280000e-01 5.192619e-01
5.290000e-01 5.174326e-01
5.300000e-01 5.156077e-01
5.310000e-01 5.137873e-01
5.320000e-01 5.119714e-01
5.330000e-01 5.101599e-01
5.340000e-01 5.083528e-01
5.350000e-01 5.065502e-01
5.360000e-01 5.047519e-01
5.370000e-01 5.029581e-01
5.380000e-01 5.011686e-01
5.390000e-01 4.993834e-01
5.400000e-01 4.976026e-01
5.410000e-01 4.958262e-01
5.420000e-01 4.940541e-01
5.430000e-01 4.922862e-01
5.440000e-01 4.905227e-01
5.450000e-01 4.887634e-01
5.460000e-01 4.870084e-01
5.470000e-01 4.852577e-01
5.480000e-01 4.835112e-01
5.490000e-01 4.817689e-01
5.500000e-01 4.800308e-01
5.510000e-01 4.782970e-01
5.520000e-01 4.765673e-01
5.530000e-01 4.748418e-01
5.540000e-01 4.731205e-01
5.550000e-01 4.714033e-01
5.560000e-01 4.696903e-01
5.570000e-01 4.679813e-01
5.580000e-01 4.662765e-01
5.590000e-01 4.645758e-01
5.600000e-01 4.628792e-01
5.610000e-01 4.611867e-01
5.620000e-01 4.594982e-01
5.630000e-01 4.578137e-01
5.640000e-01 4.561334e-01
5.650000e-01 4.544570e-01
5.660000e-01 4.527847e-01
5.670000e-01 4.511163e-01
5.680000e-01 4.494520e-01
5.690000e-01 4.477916e-01
5.700000e-01 4.461352e-01
5.710000e-01 4.444828e-01
5.720000e-01 4.428343e-01
5.730000e-01 4.411897e-01
5.740000e-01 4.395491e-01
5.750000e-01 4.379124e-01
5.760000e-01 4.362796e-01
5.770000e-01 4.346506e-01
5.780000e-01 4.330256e-01
5.790000e-01 4.314044e-01
5.800000e-01 4.297871e-01
5.810000e-01 4.281736e-01
5.820000e-01 4.265640e-01
5.830000e-01 4.249581e-01
5.840000e-01 4.233561e-01
5.850000e-01 4.217579e-01
5.860000e-01 4.201635e-01
5.870000e-01 4.185729e-01
5.880000e-01 4.169860e-01
5.890000e-01 4.154029e-01
5.900000e-01 4.138235e-01
5.910000e-01 4.122479e-01
5.920000e-01 4.106760e-01
5.930000e-01 4.091078e-01
5.940000e-01 4.075434e-01
5.950000e-01 4.059826e-01
5.960000e-01 4.044255e-01
5.970000e-01 4.028721e-01
5.980000e-01 4.013224e-01
5.990000e-01 3.997763e-01
6.000000e-01 3.982339e-01
6.010000e-01 3.966950e-01
6.020000e-01 3.951599e-01
6.030000e-01 3.936283e-01
6.040000e-01 3.921004e-01
6.050000e-01 3.905760e-01
6.060000e-01 3.890552e-01
6.070000e-01 3.875380e-01
6.080000e-01 3.860244e-01
6.090000e-01 3.845143e-01
6.100000e-01 3.830078e-01
6.110000e-01 3.815048e-01
6.120000e-01 3.800054e-01
6.130000e-01 3.785095e-01
6.140000e-01 3.770170e-01
6.150000e-01 3.755281e-01
6.160000e-01 3.740427e-01
6.170000e-01 3.725608e-01
6.180000e-01 3.710823e-01
6.190000e-01 3.696073e-01
6.200000e-01 3.681357e-01
6.210000e-01 3.666676e-01
6.220000e-01 3.652030e-01
6.230000e-01 3.637417e-01
6.240000e-01 3.622839e-01
6.250000e-01 3.608295e-01
6.260000e-01 3.593785e-01
6.270000e-01 3.579309e-01
6.280000e-01 3.564866e-01
6.290000e-01 3.550458e-01
6.300000e-01 3.536083e-01
6.310000e-01 3.521741e-01
6.320000e-01 3.507434e-01
6.330000e-01 3.493159e-01
6.340000e-01 3.478918e-01
6.350000e-01 3.464710e-01
6.360000e-01 3.450535e-01
6.370000e-01 3.436393e-01
6.380000e-01 3.422285e-01
6.390000e-01 3.408209e-01
6.400000e-01 3.394166e-01
6.410000e-01 3.380156e-01
6.420000e-01 3.366178e-01
6.430000e-01 3.352233e-01
6.440000e-01 3.338320e-01
6.450000e-01 3.324440e-01
6.460000e-01 3.310592e-01
6.470000e-01 3.296776e-01
6.480000e-01 3.282993e-01
6.490000e-01 3.269241e-01
6.500000e-01 3.255522e-01
6.510000e-01 3.241834e-01
6.520000e-01 3.228179e-01
6.530000e-01 3.214555e-01
6.540000e-01 3.200962e-01
6.550000e-01 3.187402e-01
6.560000e-01 3.173872e-01
6.570000e-01 3.160375e-01
6.580000e-01 3.146908e-01
6.590000e-01 3.133473e-01
6.600000e-01 3.120070e-01
6.610000e-01 3.106697e-01
6.620000e-01 3.093355e-01
6.630000e-01 3.080045e-01
6.640000e-01 3.066765e-01
6.650000e-01 3.053516e-01
6.660000e-01 3.040298e-01
6.670000e-01 3.027110e-01
6.680000e-01 3.013953e-01
6.690000e-01 3.000827e-01
6.700000e-01 2.987731e-01
6.710000e-01 2.974666e-01
6.720000e-01 2.961631e-01
6.730000e-01 2.948626e-01
6.740000e-01 2.935651e-01
6.750000e-01 2.922707e-01
6.760000e-01 2.909792e-01
6.770000e-01 2.896907e-01
6.780000e-01 2.884053e-01
6.790000e-01 2.871228e-01
6.800000e-01 2.858433e-01
6.810000e-01 2.845667e-01
6.820000e-01 2.832931e-01
6.830000e-01 2.820225e-01
6.840000e-01 2.807548e-01
6.850000e-01 2.794901e-01
6.860000e-01 2.782283e-01
6.870000e-01 2.769694e-01
6.880000e-01 2.757134e-01
6.890000e-01 2.744604e-01
6.900000e-01 2.732103e-01
6.910000e-01 2.719630e-01
6.920000e-01 2.707187e-01
6.930000e-01 2.694772e-01
6.940000e-01 2.682386e-01
6.950000e-01 2.670029e-01
6.960000e-01 2.657701e-01
6.970000e-01 2.645401e-01
6.980000e-01 2.633130e-01
6.990000e-01 2.620887e-01
7.000000e-01 2.608672e-01
7.010000e-01 2.596486e-01
7.020000e-01 2.584329e-01
7.030000e-01 2.572199e-01
7.040000e-01 2.560097e-01
7.050000e-01 2.548024e-01
7.060000e-01 2.535979e-01
7.070000e-01 2.523961e-01
7.080000e-01 2.511972e-01
7.090000e-01 2.500010e-01
7.100000e-01 2.488076e-01
7.110000e-01 2.476170e-01
7.120000e-01 2.464292e-01
7.130000e-01 2.452441e-01
7.140000e-01 2.440617e-01
7.150000e-01 2.428822e-01
7.160000e-01 2.417053e-01
7.170000e-01 2.405312e-01
7.180000e-01 2.393598e-01
7.190000e-01 2.381911e-01
7.200000e-01 2.370252e-01
7.210000e-01 2.358619e-01
7.220000e-01 2.347014e-01
7.230000e-01 2.335435e-01
7.240000e-01 2.323884e-01
7.250000e-01 2.312359e-01
7.260000e-01 2.300862e-01
7.270000e-01 2.289391e-01
7.280000e-01 2.277946e-01
7.290000e-01 2.266529e-01
7.300000e-01 2.255137e-01
7.310000e-01 2.243773e-01
7.320000e-01 2.232435e-01
7.330000e-01 2.221123e-01
7.340000e-01 2.209838e-01
7.350000e-01 2.198578e-01
7.360000e-01 2.187346e-01
7.370000e-01 2.176139e-01
7.380000e-01 2.164958e-01
7.390000e-01 2.153804e-01
7.400000e-01 2.142675e-01
7.410000e-01 2.131573e-01
7.420000e-01 2.120496e-01
7.430000e-01 2.109446e-01
7.440000e-01 2.098421e-01
7.450000e-01 2.087421e-01
7.460000e-01 2.076448e-01
7.470000e-01 2.065500e-01
7.480000e-01 2.054578e-01
7.490000e-01 2.043681e-01
7.500000e-01 2.032809e-01
7.510000e-01 2.021964e-01
7.520000e-01 2.011143e-01
7.530000e-01 2.000348e-01
7.540000e-01 1.989578e-01
7.550000e-01 1.978833e-01
7.560000e-01 1.968113e-01
7.570000e-01 1.957419e-01
7.580000e-01 1.946749e-01
7.590000e-01 1.936105e-01
7.600000e-01 1.925486e-01
7.610000e-01 1.914891e-01
7.620000e-01 1.904321e-01
7.630000e-01 1.893776e-01
7.640000e-01 1.883256e-01
7.650000e-01 1.872761e-01
7.660000e-01 1.862290e-01
7.670000e-01 1.851843e-01
7.680000e-01 1.841422e-01
7.690000e-01 1.831024e-01
7.700000e-01 1.820652e-01
7.710000e-01 1.810303e-01
7.720000e-01 1.799979e-01
7.730000e-01 1.789679e-01
7.740000e-01 1.779404e-01
7.750000e-01 1.769153e-01
7.760000e-01 1.758925e-01
7.770000e-01 1.748722e-01
7.780000e-01 1.738543e-01
7.790000e-01 1.728389e-01
7.800000e-01 1.718257e-01
7.810000e-01 1.708150e-01
7.820000e-01 1.698067e-01
7.830000e-01 1.688008e-01
7.840000e-01 1.677972e-01
7.850000e-01 1.667960e-01
7.860000e-01 1.657972e-01
7.870000e-01 1.648007e-01
7.880000e-01 1.638066e-01
7.890000e-01 1.628149e-01
7.900000e-01 1.618255e-01
7.910000e-01 1.608384e-01
7.920000e-01 1.598537e-01
7.930000e-01 1.588713e-01
7.940000e-01 1.578913e-01
7.950000e-01 1.569136e-01
7.960000e-01 1.559381e-01
7.970000e-01 1.549651e-01
7.980000e-01 1.539943e-01
7.990000e-01 1.530258e-01
8.000000e-01 1.520597e-01
8.010000e-01 1.510958e-01
8.020000e-01 1.501342e-01
8.030000e-01 1.491750e-01
8.040000e-01 1.482180e-01
8.050000e-01 1.472633e-01
8.060000e-01 1.463109e-01
8.070000e-01 1.453607e-01
8.080000e-01 1.444128e-01
8.090000e-01 1.434672e-01
8.100000e-01 1.425238e-01
8.110000e-01 1.415827e-01
8.120000e-01 1.406439e-01
8.130000e-01 1.397073e-01
8.140000e-01 1.387729e-01
8.150000e-01 1.378408e-01
8.160000e-01 1.369109e-01
8.170000e-01 1.359832e-01
8.180000e-01 1.350578e-01
8.190000e-01 1.341346e-01
8.200000e-01 1.332136e-01
8.210000e-01 1.322948e-01
8.220000e-01 1.313782e-01
8.230000e-01 1.304639e-01
8.240000e-01 1.295517e-01
8.250000e-01 1.286418e-01
8.260000e-01 1.277340e-01
8.270000e-01 1.268284e-01
8.280000e-01 1.259250e-01
8.290000e-01 1.250238e-01
8.300000e-01 1.241247e-01
8.310000e-01 1.232279e-01
8.320000e-01 1.223332e-01
8.330000e-01 1.214407e-01
8.340000e-01 1.205503e-01
8.350000e-01 1.196621e-01
8.360000e-01 1.187760e-01
8.370000e-01 1.178921e-01
8.380000e-01 1.170103e-01
8.390000e-01 1.161307e-01
8.400000e-01 1.152532e-01
8.410000e-01 1.143779e-01
8.420000e-01 1.135047e-01
8.430000e-01 1.126336e-01
8.440000e-01 1.117646e-01
8.450000e-01 1.108977e-01
8.460000e-01 1.100330e-01
8.470000e-01 1.091704e-01
8.480000e-01 1.083098e-01
8.490000e-01 1.074514e-01
8.500000e-01 1.065951e-01
8.510000e-01 1.057409e-01
8.520000e-01 1.048888e-01
8.530000e-01 1.040387e-01
8.540000e-01 1.031908e-01
8.550000e-01 1.023449e-01
8.560000e-01 1.015011e-01
8.570000e-01 1.006593e-01
8.580000e-01 9.981969e-02
8.590000e-01 9.898210e-02
8.600000e-01 9.814657e-02
8.610000e-01 9.731310e-02
8.620000e-01 9.648169e-02
8.630000e-01 9.565232e-02
8.640000e-01 9.482501e-02
8.650000e-01 9.399974e-02
8.660000e-01 9.317651e-02
8.670000e-01 9.235532e-02
8.680000e-01 9.153616e-02
8.690000e-01 9.071903e-02
8.700000e-01 8.990393e-02
8.710000e-01 8.909085e-02
8.720000e-01 8.827979e-02
8.730000e-01 8.747075e-02
8.740000e-01 8.666372e-02
8.750000e-01 8.585870e-02
8.760000e-01 8.505569e-02
8.770000e-01 8.425467e-02
8.780000e-01 8.345566e-02
8.790000e-01 8.265864e-02
8.800000e-01 8.186361e-02
8.810000e-01 8.107058e-02
8.820000e-01 8.027952e-02
8.830000e-01 7.949045e-02
8.840000e-01 7.870336e-02
8.850000e-01 7.791824e-02
8.860000e-01 7.713510e-02
8.870000e-01 7.635392e-02
8.880000e-01 7.557471e-02
8.890000e-01 7.479746e-02
8.900000e-01 7.402217e-02
8.910000e-01 7.324883e-02
8.920000e-01 7.247744e-02
8.930000e-01 7.170801e-02
8.940000e-01 7.094052e-02
8.950000e-01 7.017497e-02
8.960000e-01 6.941136e-02
8.970000e-01 6.864968e-02
8.980000e-01 6.788994e-02
8.990000e-01 6.713212e-02
9.000000e-01 6.637623e-02
9.010000e-01 6.562227e-02
9.020000e-01 6.487022e-02
9.030000e-01 6.412009e-02
9.040000e-01 6.337187e-02
9.050000e-01 6.262556e-02
9.060000e-01 6.188116e-02
9.070000e-01 6.113866e-02
9.080000e-01 6.039807e-02
9.090000e-01 5.965937e-02
9.100000e-01 5.892256e-02
9.110000e-01 5.818765e-02
9.120000e-01 5.745462e-02
9.130000e-01 5.672348e-02
9.140000e-01 5.599422e-02
9.150000e-01 5.526683e-02
9.160000e-01 5.454133e-02
9.170000e-01 5.381769e-02
9.180000e-01 5.309593e-02
9.190000e-01 5.237603e-02
9.200000e-01 5.165800e-02
9.210000e-01 5.094182e-02
9.220000e-01 5.022751e-02
9.230000e-01 4.951504e-02
9.240000e-01 4.880443e-02
9.250000e-01 4.809567e-02
9.260000e-01 4.738875e-02
9.270000e-01 4.668368e-02
9.280000e-01 4.598044e-02
9.290000e-01 4.527904e-02
9.300000e-01 4.457948e-02
9.310000e-01 4.388175e-02
9.320000e-01 4.318584e-02
9.330000e-01 4.249176e-02
9.340000e-01 4.179950e-02
9.350000e-01 4.110906e-02
9.360000e-01 4.042043e-02
9.370000e-01 3.973362e-02
9.380000e-01 3.904862e-02
9.390000e-01 3.836543e-02
9.400000e-01 3.768404e-02
9.410000e-01 3.700445e-02
9.420000e-01 3.632666e-02
9.430000e-01 3.565067e-02
9.440000e-01 3.497647e-02
9.450000e-01 3.430407e-02
9.460000e-01 3.363345e-02
9.470000e-01 3.296461e-02
9.480000e-01 3.229756e-02
9.490000e-01 3.163229e-02
9.500000e-01 3.096879e-02
9.510000e-01 3.030707e-02
9.520000e-01 2.964711e-02
9.530000e-01 2.898893e-02
9.540000e-01 2.833251e-02
9.550000e-01 2.767786e-02
9.560000e-01 2.702496e-02
9.570000e-01 2.637382e-02
9.580000e-01 2.572444e-02
9.590000e-01 2.507681e-02
9.600000e-01 2.443093e-02
9.610000e-01 2.378679e-02
9.620000e-01 2.314440e-02
9.630000e-01 2.250375e-02
9.640000e-01 2.186484e-02
9.650000e-01 2.122766e-02
9.660000e-01 2.059222e-02
9.670000e-01 1.995851e-02
9.680000e-01 1.932652e-02
9.690000e-01 1.869626e-02
9.700000e-01 1.806773e-02
9.710000e-01 1.744091e-02
9.720000e-01 1.681581e-02
9.730000e-01 1.619243e-02
9.740000e-01 1.557076e-02
9.750000e-01 1.495080e-02
9.760000e-01 1.433254e-02
9.770000e-01 1.371599e-02
9.780000e-01 1.310114e-02
9.790000e-01 1.248799e-02
9.800000e-01 1.187654e-02
9.810000e-01 1.126679e-02
9.820000e-01 1.065872e-02
9.830000e-01 1.005234e-02
9.840000e-01 9.447655e-03
9.850000e-01 8.844650e-03
9.860000e-01 8.243326e-03
9.870000e-01 7.643682e-03
9.880000e-01 7.045715e-03
9.890000e-01 6.449422e-03
9.900000e-01 5.854800e-03
9.910000e-01 5.261848e-03
9.920000e-01 4.670563e-03
9.930000e-01 4.080942e-03
9.940000e-01 3.492983e-03
9.950000e-01 2.906684e-03
9.960000e-01 2.322041e-03
9.970000e-01 1.739054e-03
9.980000e-01 1.157718e-03
9.990000e-01 5.780321e-04
1.000000e+00 -1.093510e-08
1.001000e+00 -5.764045e-04
1.002000e+00 -1.151156e-03
1.003000e+00 -1.724267e-03
1.004000e+00 -2.295740e-03
1.005000e+00 -2.865577e-03
1.006000e+00 -3.433782e-03
1.007000e+00 -4.000356e-03
1.008000e+00 -4.565302e-03
1.009000e+00 -5.128622e-03
1.010000e+00 -5.690319e-03
1.011000e+00 -6.250394e-03
1.012000e+00 -6.808850e-03
1.013000e+00 -7.365690e-03
1.014000e+00 -7.920916e-03
1.015000e+00 -8.474530e-03
1.016000e+00 -9.026534e-03
1.017000e+00 -9.576930e-03
1.018000e+00 -1.012572e-02
1.019000e+00 -1.067291e-02
1.020000e+00 -1.121850e-02
1.021000e+00 -1.176249e-02
1.022000e+00 -1.230489e-02
1.023000e+00 -1.284569e-02
1.024000e+00 -1.338490e-02
1.025000e+00 -1.392252e-02
1.026000e+00 -1.445855e-02
1.027000e+00 -1.499300e-02
1.028000e+00 -1.552587e-02
1.029000e+00 -1.605716e-02
1.030000e+00 -1.658686e-02
1.031000e+00 -1.711500e-02
1.032000e+00 -1.764156e-02
1.033000e+00 -1.816655e-02
1.034000e+00 -1.868997e-02
1.035000e+00 -1.921182e-02
1.036000e+00 -1.973211e-02
1.037000e+00 -2.025084e-02
1.038000e+00 -2.076800e-02
1.039000e+00 -2.128361e-02
1.040000e+00 -2.179766e-02
1.041000e+00 -2.231016e-02
1.042000e+00 -2.282111e-02
1.043000e+00 -2.333050e-02
1.044000e+00 -2.383835e-02
1.045000e+00 -2.434466e-02
1.046000e+00 -2.484942e-02
1.047000e+00 -2.535264e-02
1.048000e+00 -2.585433e-02
1.049000e+00 -2.635447e-02
1.050000e+00 -2.685308e-02
1.051000e+00 -2.735016e-02
1.052000e+00 -2.784571e-02
1.053000e+00 -2.833973e-02
1.054000e+00 -2.883223e-02
1.055000e+00 -2.932320e-02
1.056000e+00 -2.981265e-02
1.057000e+00 -3.030058e-02
1.058000e+00 -3.078699e-02
1.059000e+00 -3.127188e-02
1.060000e+00 -3.175526e-02
1.061000e+00 -3.223713e-02
1.062000e+00 -3.271750e-02
1.063000e+00 -3.319635e-02
1.064000e+00 -3.367370e-02
1.065000e+00 -3.414954e-02
1.066000e+00 -3.462389e-02
1.067000e+00 -3.509673e-02
1.068000e+00 -3.556808e-02
1.069000e+00 -3.603793e-02
1.070000e+00 -3.650629e-02
1.071000e+00 -3.697315e-02
1.072000e+00 -3.743853e-02
1.073000e+00 -3.790242e-02
1.074000e+00 -3.836483e-02
1.075000e+00 -3.882575e-02
1.076000e+00 -3.928519e-02
1.077000e+00 -3.974315e-02
1.078000e+00 -4.019964e-02
1.079000e+00 -4.065465e-02
1.080000e+00 -4.110818e-02
1.081000e+00 -4.156024e-02
1.082000e+00 -4.201084e-02
1.083000e+00 -4.245997e-02
1.084000e+00 -4.290763e-02
1.085000e+00 -4.335382e-02
1.086000e+00 -4.379856e-02
1.087000e+00 -4.424184e-02
1.088000e+00 -4.468365e-02
1.089000e+00 -4.512402e-02
1.090000e+00 -4.556293e-02
1.091000e+00 -4.600038e-02
1.092000e+00 -4.643639e-02
1.093000e+00 -4.687094e-02
1.094000e+00 -4.730406e-02
1.095000e+00 -4.773572e-02
1.096000e+00 -4.816595e-02
1.097000e+00 -4.859473e-02
1.098000e+00 -4.902207e-02
1.099000e+00 -4.944798e-02
1.100000e+00 -4.987245e-02
1.101000e+00 -5.029549e-02
1.102000e+00 -5.071710e-02
1.103000e+00 -5.113727e-02
1.104000e+00 -5.155602e-02
1.105000e+00 -5.197335e-02
1.106000e+00 -5.238925e-02
1.107000e+00 -5.280373e-02
1.108000e+00 -5.321678e-02
1.109000e+00 -5.362842e-02
1.110000e+00 -5.403864e-02
1.111000e+00 -5.444745e-02
1.112000e+00 -5.485485e-02
1.113000e+00 -5.526083e-02
1.114000e+00 -5.566540e-02
1.115000e+00 -5.606857e-02
1.116000e+00 -5.647033e-02
1.117000e+00 -5.687068e-02
1.118000e+00 -5.726964e-02
1.119000e+00 -5.766719e-02
1.120000e+00 -5.806334e-02
1.121000e+00 -5.845810e-02
1.122000e+00 -5.885146e-02
1.123000e+00 -5.924343e-02
1.124000e+00 -5.963401e-02
1.125000e+00 -6.002319e-02
1.126000e+00 -6.041099e-02
1.127000e+00 -6.079741e-02
1.128000e+00 -6.118243e-02
1.129000e+00 -6.156608e-02
1.130000e+00 -6.194834e-02
1.131000e+00 -6.232923e-02
1.132000e+00 -6.270873e-02
1.133000e+00 -6.308686e-02
1.134000e+00 -6.346362e-02
1.135000e+00 -6.383900e-02
1.136000e+00 -6.421302e-02
1.137000e+00 -6.458566e-02
1.138000e+00 -6.495694e-02
1.139000e+00 -6.532685e-02
1.140000e+00 -6.569540e-02
1.141000e+00 -6.606258e-02
1.142000e+00 -6.642841e-02
1.143000e+00 -6.679287e-02
1.144000e+00 -6.715598e-02
1.145000e+00 -6.751773e-02
1.146000e+00 -6.787813e-02
1.147000e+00 -6.823718e-02
1.148000e+00 -6.859487e-02
1.149000e+00 -6.895122e-02
1.150000e+00 -6.930622e-02
1.151000e+00 -6.965987e-02
1.152000e+00 -7.001218e-02
1.153000e+00 -7.036315e-02
1.154000e+00 -7.071278e-02
1.155000e+00 -7.106107e-02
1.156000e+00 -7.140802e-02
1.157000e+00 -7.175363e-02
1.158000e+00 -7.209791e-02
1.159000e+00 -7.244086e-02
1.160000e+00 -7.278248e-02
1.161000e+00 -7.312277e-02
1.162000e+00 -7.346173e-02
1.163000e+00 -7.379937e-02
1.164000e+00 -7.413568e-02
1.165000e+00 -7.447067e-02
1.166000e+00 -7.480433e-02
1.167000e+00 -7.513668e-02
1.168000e+00 -7.546771e-02
1.169000e+00 -7.579742e-02
1.170000e+00 -7.612582e-02
1.171000e+00 -7.645291e-02
1.172000e+00 -7.677868e-02
1.173000e+00 -7.710314e-02
1.174000e+00 -7.742630e-02
1.175000e+00 -7.774814e-02
1.176000e+00 -7.806869e-02
1.177000e+00 -7.838793e-02
1.178000e+00 -7.870586e-02
1.179000e+00 -7.902250e-02
1.180000e+00 -7.933783e-02
1.181000e+00 -7.965187e-02
1.182000e+00 -7.996462e-02
1.183000e+00 -8.027606e-02
1.184000e+00 -8.058622e-02
1.185000e+00 -8.089508e-02
1.186000e+00 -8.120266e-02
1.187000e+00 -8.150894e-02
1.188000e+00 -8.181394e-02
1.189000e+00 -8.211765e-02
1.190000e+00 -8.242008e-02
1.191000e+00 -8.272123e-02
1.192000e+00 -8.302110e-02
1.193000e+00 -8.331969e-02
1.194000e+00 -8.361699e-02
1.195000e+00 -8.391303e-02
1.196000e+00 -8.420779e-02
1.197000e+00 -8.450127e-02
1.198000e+00 -8.479348e-02
1.199000e+00 -8.508443e-02
1.200000e+00 -8.537410e-02
1.201000e+00 -8.566251e-02
1.202000e+00 -8.594965e-02
1.203000e+00 -8.623552e-02
1.204000e+00 -8.652014e-02
1.205000e+00 -8.680349e-02
1.206000e+00 -8.708558e-02
1.207000e+00 -8.736641e-02
1.208000e+00 -8.764599e-02
1.209000e+00 -8.792431e-02
1.210000e+00 -8.820137e-02
1.211000e+00 -8.847719e-02
1.212000e+00 -8.875175e-02
1.213000e+00 -8.902506e-02
1.214000e+00 -8.929713e-02
1.215000e+00 -8.956794e-02
1.216000e+00 -8.983751e-02
1.217000e+00 -9.010584e-02
1.218000e+00 -9.037293e-02
1.219000e+00 -9.063877e-02
1.220000e+00 -9.090337e-02
1.221000e+00 -9.116674e-02
1.222000e+00 -9.142886e-02
1.223000e+00 -9.168976e-02
1.224000e+00 -9.194941e-02
1.225000e+00 -9.220784e-02
1.226000e+00 -9.246503e-02
1.227000e+00 -9.272100e-02
1.228000e+00 -9.297573e-02
1.229000e+00 -9.322924e-02
1.230000e+00 -9.348152e-02
1.231000e+00 -9.373258e-02
1.232000e+00 -9.398241e-02
1.233000e+00 -9.423102e-02
1.234000e+00 -9.447842e-02
1.235000e+00 -9.472459e-02
1.236000e+00 -9.496955e-02
1.237000e+00 -9.521329e-02
1.238000e+00 -9.545581e-02
1.239000e+00 -9.569712e-02
1.240000e+00 -9.593722e-02
1.241000e+00 -9.617611e-02
1.242000e+00 -9.641379e-02
1.243000e+00 -9.665026e-02
1.244000e+00 -9.688552e-02
1.245000e+00 -9.711958e-02
1.246000e+00 -9.735244e-02
1.247000e+00 -9.758409e-02
1.248000e+00 -9.781454e-02
1.249000e+00 -9.804379e-02
1.250000e+00 -9.827185e-02
1.251000e+00 -9.849870e-02
1.252000e+00 -9.872436e-02
1.253000e+00 -9.894882e-02
1.254000e+00 -9.917210e-02
1.255000e+00 -9.939417e-02
1.256000e+00 -9.961506e-02
1.257000e+00 -9.983476e-02
1.258000e+00 -1.000533e-01
1.259000e+00 -1.002706e-01
1.260000e+00 -1.004867e-01
1.261000e+00 -1.007017e-01
1.262000e+00 -1.009155e-01
1.263000e+00 -1.011281e-01
1.264000e+00 -1.013395e-01
1.265000e+00 -1.015497e-01
1.266000e+00 -1.017587e-01
1.267000e+00 -1.019666e-01
1.268000e+00 -1.021733e-01
1.269000e+00 -1.023788e-01
1.270000e+00 -1.025832e-01
1.271000e+00 -1.027864e-01
1.272000e+00 -1.029884e-01
1.273000e+00 -1.031892e-01
1.274000e+00 -1.033889e-01
1.275000e+00 -1.035874e-01
1.276000e+00 -1.037848e-01
1.277000e+00 -1.039810e-01
1.278000e+00 -1.041760e-01
1.279000e+00 -1.043698e-01
1.280000e+00 -1.045625e-01
1.281000e+00 -1.047541e-01
1.282000e+00 -1.049445e-01
1.283000e+00 -1.051337e-01
1.284000e+00 -1.053218e-01
1.285000e+00 -1.055087e-01
1.286000e+00 -1.056944e-01
1.287000e+00 -1.058791e-01
1.288000e+00 -1.060625e-01
1.289000e+00 -1.062448e-01
1.290000e+00 -1.064260e-01
1.291000e+00 -1.066060e-01
1.292000e+00 -1.067849e-01
1.293000e+00 -1.069626e-01
1.294000e+00 -1.071392e-01
1.295000e+00 -1.073147e-01
1.296000e+00 -1.074890e-01
1.297000e+00 -1.076621e-01
1.298000e+00 -1.078342e-01
1.299000e+00 -1.080051e-01
1.300000e+00 -1.081748e-01
1.301000e+00 -1.083434e-01
1.302000e+00 -1.085109e-01
1.303000e+00 -1.086773e-01
1.304000e+00 -1.088425e-01
1.305000e+00 -1.090066e-01
1.306000e+00 -1.091696e-01
1.307000e+00 -1.093314e-01
1.308000e+00 -1.094922e-01
1.309000e+00 -1.096517e-01
1.310000e+00 -1.098102e-01
1.311000e+00 -1.099676e-01
1.312000e+00 -1.101238e-01
1.313000e+00 -1.102789e-01
1.314000e+00 -1.104329e-01
1.315000e+00 -1.105857e-01
1.316000e+00 -1.107375e-01
1.317000e+00 -1.108881e-01
1.318000e+00 -1.110377e-01
1.319000e+00 -1.111861e-01
1.320000e+00 -1.113334e-01
1.321000e+00 -1.114796e-01
1.322000e+00 -1.116246e-01
1.323000e+00 -1.117686e-01
1.324000e+00 -1.119115e-01
1.325000e+00 -1.120532e-01
1.326000e+00 -1.121939e-01
1.327000e+00 -1.123334e-01
1.328000e+00 -1.124719e-01
1.329000e+00 -1.126092e-01
1.330000e+00 -1.127454e-01
1.331000e+00 -1.128806e-01
1.332000e+00 -1.130146e-01
1.333000e+00 -1.131476e-01
1.334000e+00 -1.132794e-01
1.335000e+00 -1.134102e-01
1.336000e+00 -1.135398e-01
1.337000e+00 -1.136684e-01
1.338000e+00 -1.137959e-01
1.339000e+00 -1.139223e-01
1.340000e+00 -1.140476e-01
1.341000e+00 -1.141718e-01
1.342000e+00 -1.142949e-01
1.343000e+00 -1.144170e-01
1.344000e+00 -1.145379e-01
1.345000e+00 -1.146578e-01
1.346000e+00 -1.147766e-01
1.347000e+00 -1.148943e-01
1.348000e+00 -1.150109e-01
1.349000e+00 -1.151264e-01
1.350000e+00 -1.152409e-01
1.351000e+00 -1.153543e-01
1.352000e+00 -1.154666e-01
1.353000e+00 -1.155778e-01
1.354000e+00 -1.156880e-01
1.355000e+00 -1.157971e-01
1.356000e+00 -1.159051e-01
1.357000e+00 -1.160121e-01
1.358000e+00 -1.161180e-01
1.359000e+00 -1.162228e-01
1.360000e+00 -1.163265e-01
1.361000e+00 -1.164292e-01
1.362000e+00 -1.165308e-01
1.363000e+00 -1.166313e-01
1.364000e+00 -1.167308e-01
1.365000e+00 -1.168292e-01
1.366000e+00 -1.169266e-01
1.367000e+00 -1.170229e-01
1.368000e+00 -1.171182e-01
1.369000e+00 -1.172123e-01
1.370000e+00 -1.173055e-01
1.371000e+00 -1.173975e-01
1.372000e+00 -1.174885e-01
1.373000e+00 -1.175785e-01
1.374000e+00 -1.176674e-01
1.375000e+00 -1.177553e-01
1.376000e+00 -1.178421e-01
1.377000e+00 -1.179278e-01
1.378000e+00 -1.180126e-01
1.379000e+00 -1.180962e-01
1.380000e+00 -1.181788e-01
1.381000e+00 -1.182604e-01
1.382000e+00 -1.183409e-01
1.383000e+00 -1.184204e-01
1.384000e+00 -1.184988e-01
1.385000e+00 -1.185762e-01
1.386000e+00 -1.186526e-01
1.387000e+00 -1.187279e-01
1.388000e+00 -1.188022e-01
1.389000e+00 -1.188754e-01
1.390000e+00 -1.189476e-01
1.391000e+00 -1.190188e-01
1.392000e+00 -1.190890e-01
1.393000e+00 -1.191581e-01
1.394000e+00 -1.192261e-01
1.395000e+00 -1.192932e-01
1.396000e+00 -1.193592e-01
1.397000e+00 -1.194242e-01
1.398000e+00 -1.194881e-01
1.399000e+00 -1.195510e-01
1.400000e+00 -1.196129e-01
1.401000e+00 -1.196738e-01
1.402000e+00 -1.197336e-01
1.403000e+00 -1.197925e-01
1.404000e+00 -1.198503e-01
1.405000e+00 -1.199070e-01
1.406000e+00 -1.199628e-01
1.407000e+00 -1.200175e-01
1.408000e+00 -1.200713e-01
1.409000e+00 -1.201240e-01
1.410000e+00 -1.201757e-01
1.411000e+00 -1.202263e-01
1.412000e+00 -1.202760e-01
1.413000e+00 -1.203246e-01
1.414000e+00 -1.203723e-01
1.415000e+00 -1.204189e-01
1.416000e+00 -1.204645e-01
1.417000e+00 -1.205091e-01
1.418000e+00 -1.205527e-01
1.419000e+00 -1.205953e-01
1.420000e+00 -1.206368e-01
1.421000e+00 -1.206774e-01
1.422000e+00 -1.207170e-01
1.423000e+00 -1.207555e-01
1.424000e+00 -1.207931e-01
1.425000e+00 -1.208297e-01
1.426000e+00 -1.208652e-01
1.427000e+00 -1.208998e-01
1.428000e+00 -1.209333e-01
1.429000e+00 -1.209659e-01
1.430000e+00 -1.209974e-01
1.431000e+00 -1.210280e-01
1.432000e+00 -1.210576e-01
1.433000e+00 -1.210861e-01
1.434000e+00 -1.211137e-01
1.435000e+00 -1.211403e-01
1.436000e+00 -1.211659e-01
1.437000e+00 -1.211905e-01
1.438000e+00 -1.212141e-01
1.439000e+00 -1.212367e-01
1.440000e+00 -1.212584e-01
1.441000e+00 -1.212790e-01
1.442000e+00 -1.212987e-01
1.443000e+00 -1.213174e-01
1.444000e+00 -1.213351e-01
1.445000e+00 -1.213518e-01
1.446000e+00 -1.213675e-01
1.447000e+00 -1.213822e-01
1.448000e+00 -1.213960e-01
1.449000e+00 -1.214088e-01
1.450000e+00 -1.214206e-01
1.451000e+00 -1.214314e-01
1.452000e+00 -1.214413e-01
1.453000e+00 -1.214502e-01
1.454000e+00 -1.214580e-01
1.455000e+00 -1.214650e-01
1.456000e+00 -1.214709e-01
1.457000e+00 -1.214759e-01
1.458000e+00 -1.214799e-01
1.459000e+00 -1.214829e-01
1.460000e+00 -1.214850e-01
1.461000e+00 -1.214861e-01
1.462000e+00 -1.214862e-01
1.463000e+00 -1.214854e-01
1.464000e+00 -1.214836e-01
1.465000e+00 -1.214808e-01
1.466000e+00 -1.214771e-01
1.467000e+00 -1.214724e-01
1.468000e+00 -1.214667e-01
1.469000e+00 -1.214601e-01
1.470000e+00 -1.214525e-01
1.471000e+00 -1.214440e-01
1.472000e+00 -1.214345e-01
1.473000e+00 -1.214240e-01
1.474000e+00 -1.214126e-01
1.475000e+00 -1.214002e-01
1.476000e+00 -1.213869e-01
1.477000e+00 -1.213726e-01
1.478000e+00 -1.213573e-01
1.479000e+00 -1.213411e-01
1.480000e+00 -1.213240e-01
1.481000e+00 -1.213059e-01
1.482000e+00 -1.212868e-01
1.483000e+00 -1.212668e-01
1.484000e+00 -1.212459e-01
1.485000e+00 -1.212240e-01
1.486000e+00 -1.212011e-01
1.487000e+00 -1.211773e-01
1.488000e+00 -1.211526e-01
1.489000e+00 -1.211269e-01
1.490000e+00 -1.211003e-01
1.491000e+00 -1.210727e-01
1.492000e+00 -1.210442e-01
1.493000e+00 -1.210147e-01
1.494000e+00 -1.209843e-01
1.495000e+00 -1.209530e-01
1.496000e+00 -1.209207e-01
1.497000e+00 -1.208875e-01
1.498000e+00 -1.208534e-01
1.499000e+00 -1.208183e-01
1.500000e+00 -1.207822e-01
1.501000e+00 -1.207453e-01
1.502000e+00 -1.207074e-01
1.503000e+00 -1.206686e-01
1.504000e+00 -1.206288e-01
1.505000e+00 -1.205881e-01
1.506000e+00 -1.205465e-01
1.507000e+00 -1.205040e-01
1.508000e+00 -1.204605e-01
1.509000e+00 -1.204161e-01
1.510000e+00 -1.203707e-01
1.511000e+00 -1.203245e-01
1.512000e+00 -1.202773e-01
1.513000e+00 -1.202292e-01
1.514000e+00 -1.201802e-01
1.515000e+00 -1.201302e-01
1.516000e+00 -1.200793e-01
1.517000e+00 -1.200275e-01
1.518000e+00 -1.199748e-01
1.519000e+00 -1.199211e-01
1.520000e+00 -1.198666e-01
1.521000e+00 -1.198111e-01
1.522000e+00 -1.197547e-01
1.523000e+00 -1.196974e-01
1.524000e+00 -1.196392e-01
1.525000e+00 -1.195800e-01
1.526000e+00 -1.195199e-01
1.527000e+00 -1.194590e-01
1.528000e+00 -1.193971e-01
1.529000e+00 -1.193343e-01
1.530000e+00 -1.192706e-01
1.531000e+00 -1.192059e-01
1.532000e+00 -1.191404e-01
1.533000e+00 -1.190740e-01
1.534000e+00 -1.190066e-01
1.535000e+00 -1.189384e-01
1.536000e+00 -1.188692e-01
1.537000e+00 -1.187991e-01
1.538000e+00 -1.187282e-01
1.539000e+00 -1.186563e-01
1.540000e+00 -1.185835e-01
1.541000e+00 -1.185098e-01
1.542000e+00 -1.184352e-01
1.543000e+00 -1.183597e-01
1.544000e+00 -1.182833e-01
1.545000e+00 -1.182061e-01
1.546000e+00 -1.181279e-01
1.547000e+00 -1.180488e-01
1.548000e+00 -1.179688e-01
1.549000e+00 -1.178879e-01
1.550000e+00 -1.178062e-01
1.551000e+00 -1.177235e-01
1.552000e+00 -1.176399e-01
1.553000e+00 -1.175555e-01
1.554000e+00 -1.174701e-01
1.555000e+00 -1.173839e-01
1.556000e+00 -1.172967e-01
1.557000e+00 -1.172087e-01
1.558000e+00 -1.171198e-01
1.559000e+00 -1.170300e-01
1.560000e+00 -1.169393e-01
1.561000e+00 -1.168477e-01
1.562000e+00 -1.167553e-01
1.563000e+00 -1.166619e-01
1.564000e+00 -1.165677e-01
1.565000e+00 -1.164725e-01
1.566000e+00 -1.163765e-01
1.567000e+00 -1.162797e-01
1.568000e+00 -1.161819e-01
1.569000e+00 -1.160832e-01
1.570000e+00 -1.159837e-01
1.571000e+00 -1.158833e-01
1.572000e+00 -1.157820e-01
1.573000e+00 -1.156798e-01
1.574000e+00 -1.155768e-01
1.575000e+00 -1.154728e-01
1.576000e+00 -1.153680e-01
1.577000e+00 -1.152624e-01
1.578000e+00 -1.151558e-01
1.579000e+00 -1.150484e-01
1.580000e+00 -1.149401e-01
1.581000e+00 -1.148309e-01
1.582000e+00 -1.147209e-01
1.583000e+00 -1.146100e-01
1.584000e+00 -1.144982e-01
1.585000e+00 -1.143855e-01
1.586000e+00 -1.142720e-01
1.587000e+00 -1.141576e-01
1.588000e+00 -1.140423e-01
1.589000e+00 -1.139262e-01
1.590000e+00 -1.138092e-01
1.591000e+00 -1.136913e-01
1.592000e+00 -1.135726e-01
1.593000e+00 -1.134530e-01
1.594000e+00 -1.133326e-01
1.595000e+00 -1.132113e-01
1.596000e+00 -1.130891e-01
1.597000e+00 -1.129660e-01
1.598000e+00 -1.128422e-01
1.599000e+00 -1.127174e-01
1.600000e+00 -1.125918e-01
1.601000e+00 -1.124653e-01
1.602000e+00 -1.123380e-01
1.603000e+00 -1.122098e-01
1.604000e+00 -1.120807e-01
1.605000e+00 -1.119508e-01
1.606000e+00 -1.118201e-01
1.607000e+00 -1.116884e-01
1.608000e+00 -1.115560e-01
1.609000e+00 -1.114227e-01
1.610000e+00 -1.112885e-01
1.611000e+00 -1.111535e-01
1.612000e+00 -1.110176e-01
1.613000e+00 -1.108809e-01
1.614000e+00 -1.107433e-01
1.615000e+00 -1.106049e-01
1.616000e+00 -1.104656e-01
1.617000e+00 -1.103255e-01
1.618000e+00 -1.101845e-01
1.619000e+00 -1.100427e-01
1.620000e+00 -1.099001e-01
1.621000e+00 -1.097566e-01
1.622000e+00 -1.096122e-01
1.623000e+00 -1.094670e-01
1.624000e+00 -1.093210e-01
1.625000e+00 -1.091741e-01
1.626000e+00 -1.090264e-01
1.627000e+00 -1.088779e-01
1.628000e+00 -1.087285e-01
1.629000e+00 -1.085783e-01
1.630000e+00 -1.084272e-01
1.631000e+00 -1.082753e-01
1.632000e+00 -1.081225e-01
1.633000e+00 -1.079690e-01
1.634000e+00 -1.078145e-01
1.635000e+00 -1.076593e-01
1.636000e+00 -1.075032e-01
1.637000e+00 -1.073463e-01
1.638000e+00 -1.071885e-01
1.639000e+00 -1.070299e-01
1.640000e+00 -1.068705e-01
1.641000e+00 -1.067103e-01
1.642000e+00 -1.065492e-01
1.643000e+00 -1.063873e-01
1.644000e+00 -1.062245e-01
1.645000e+00 -1.060610e-01
1.646000e+00 -1.058966e-01
1.647000e+00 -1.057314e-01
1.648000e+00 -1.055653e-01
1.649000e+00 -1.053984e-01
1.650000e+00 -1.052307e-01
1.651000e+00 -1.050622e-01
1.652000e+00 -1.048929e-01
1.653000e+00 -1.047227e-01
1.654000e+00 -1.045517e-01
1.655000e+00 -1.043799e-01
1.656000e+00 -1.042072e-01
1.657000e+00 -1.040338e-01
1.658000e+00 -1.038595e-01
1.659000e+00 -1.036844e-01
1.660000e+00 -1.035085e-01
1.661000e+00 -1.033318e-01
1.662000e+00 -1.031542e-01
1.663000e+00 -1.029758e-01
1.664000e+00 -1.027967e-01
1.665000e+00 -1.026167e-01
1.666000e+00 -1.024358e-01
1.667000e+00 -1.022542e-01
1.668000e+00 -1.020718e-01
1.669000e+00 -1.018885e-01
1.670000e+00 -1.017044e-01
1.671000e+00 -1.015196e-01
1.672000e+00 -1.013339e-01
1.673000e+00 -1.011474e-01
1.674000e+00 -1.009601e-01
1.675000e+00 -1.007719e-01
1.676000e+00 -1.005830e-01
1.677000e+00 -1.003933e-01
1.678000e+00 -1.002027e-01
1.679000e+00 -1.000114e-01
1.680000e+00 -9.981920e-02
1.681000e+00 -9.962624e-02
1.682000e+00 -9.943247e-02
1.683000e+00 -9.923790e-02
1.684000e+00 -9.904252e-02
1.685000e+00 -9.884634e-02
1.686000e+00 -9.864936e-02
1.687000e+00 -9.845158e-02
1.688000e+00 -9.825299e-02
1.689000e+00 -9.805361e-02
1.690000e+00 -9.785342e-02
1.691000e+00 -9.765244e-02
1.692000e+00 -9.745065e-02
1.693000e+00 -9.724807e-02
1.694000e+00 -9.704469e-02
1.695000e+00 -9.684052e-02
1.696000e+00 -9.663554e-02
1.697000e+00 -9.642978e-02
1.698000e+00 -9.622321e-02
1.699000e+00 -9.601586e-02
1.700000e+00 -9.580770e-02
1.701000e+00 -9.559876e-02
1.702000e+00 -9.538902e-02
1.703000e+00 -9.517849e-02
1.704000e+00 -9.496717e-02
1.705000e+00 -9.475506e-02
1.706000e+00 -9.454216e-02
1.707000e+00 -9.432847e-02
1.708000e+00 -9.411399e-02
1.709000e+00 -9.389872e-02
1.710000e+00 -9.368266e-02
1.711000e+00 -9.346582e-02
1.712000e+00 -9.324819e-02
1.713000e+00 -9.302977e-02
1.714000e+00 -9.281057e-02
1.715000e+00 -9.259059e-02
1.716000e+00 -9.236982e-02
1.717000e+00 -9.214826e-02
1.718000e+00 -9.192592e-02
1.719000e+00 -9.170280e-02
1.720000e+00 -9.147890e-02
1.721000e+00 -9.125422e-02
1.722000e+00 -9.102875e-02
1.723000e+00 -9.080251e-02
1.724000e+00 -9.057548e-02
1.725000e+00 -9.034768e-02
1.726000e+00 -9.011910e-02
1.727000e+00 -8.988974e-02
1.728000e+00 -8.965960e-02
1.729000e+00 -8.942869e-02
1.730000e+00 -8.919700e-02
1.731000e+00 -8.896454e-02
1.732000e+00 -8.873130e-02
1.733000e+00 -8.849728e-02
1.734000e+00 -8.826250e-02
1.735000e+00 -8.802694e-02
1.736000e+00 -8.779060e-02
1.737000e+00 -8.755350e-02
1.738000e+00 -8.731562e-02
1.739000e+00 -8.707697e-02
1.740000e+00 -8.683755e-02
1.741000e+00 -8.659737e-02
1.742000e+00 -8.635641e-02
1.743000e+00 -8.611468e-02
1.744000e+00 -8.587219e-02
1.745000e+00 -8.562893e-02
1.746000e+00 -8.538490e-02
1.747000e+00 -8.514010e-02
1.748000e+00 -8.489454e-02
1.749000e+00 -8.464822e-02
1.750000e+00 -8.440113e-02
1.751000e+00 -8.415327e-02
1.752000e+00 -8.390466e-02
1.753000e+00 -8.365528e-02
1.754000e+00 -8.340513e-02
1.755000e+00 -8.315423e-02
1.756000e+00 -8.290256e-02
1.757000e+00 -8.265013e-02
1.758000e+00 -8.239695e-02
1.759000e+00 -8.214300e-02
1.760000e+00 -8.188829e-02
1.761000e+00 -8.163283e-02
1.762000e+00 -8.137660e-02
1.763000e+00 -8.111962e-02
1.764000e+00 -8.086189e-02
1.765000e+00 -8.060339e-02
1.766000e+00 -8.034415e-02
1.767000e+00 -8.008414e-02
1.768000e+00 -7.982338e-02
1.769000e+00 -7.956187e-02
1.770000e+00 -7.929960e-02
1.771000e+00 -7.903658e-02
1.772000e+00 -7.877281e-02
1.773000e+00 -7.850829e-02
1.774000e+00 -7.824301e-02
1.775000e+00 -7.797699e-02
1.776000e+00 -7.771021e-02
1.777000e+00 -7.744268e-02
1.778000e+00 -7.717441e-02
1.779000e+00 -7.690538e-02
1.780000e+00 -7.663561e-02
1.781000e+00 -7.636509e-02
1.782000e+00 -7.609382e-02
1.783000e+00 -7.582181e-02
1.784000e+00 -7.554905e-02
1.785000e+00 -7.527555e-02
1.786000e+00 -7.500130e-02
1.787000e+00 -7.472630e-02
1.788000e+00 -7.445056e-02
1.789000e+00 -7.417408e-02
1.790000e+00 -7.389686e-02
1.791000e+00 -7.361889e-02
1.792000e+00 -7.334018e-02
1.793000e+00 -7.306073e-02
1.794000e+00 -7.278054e-02
1.795000e+00 -7.249961e-02
1.796000e+00 -7.221794e-02
1.797000e+00 -7.193554e-02
1.798000e+00 -7.165239e-02
1.799000e+00 -7.136850e-02
1.800000e+00 -7.108388e-02
1.801000e+00 -7.079852e-02
1.802000e+00 -7.051242e-02
1.803000e+00 -7.022559e-02
1.804000e+00 -6.993802e-02
1.805000e+00 -6.964972e-02
1.806000e+00 -6.936068e-02
1.807000e+00 -6.907091e-02
1.808000e+00 -6.878041e-02
1.809000e+00 -6.848917e-02
1.810000e+00 -6.819720e-02
1.811000e+00 -6.790450e-02
1.812000e+00 -6.761107e-02
1.813000e+00 -6.731691e-02
1.814000e+00 -6.702201e-02
1.815000e+00 -6.672639e-02
1.816000e+00 -6.643004e-02
1.817000e+00 -6.613296e-02
1.818000e+00 -6.583515e-02
1.819000e+00 -6.553661e-02
1.820000e+00 -6.523735e-02
1.821000e+00 -6.493736e-02
1.822000e+00 -6.463664e-02
1.823000e+00 -6.433520e-02
1.824000e+00 -6.403303e-02
1.825000e+00 -6.373014e-02
1.826000e+00 -6.342653e-02
1.827000e+00 -6.312219e-02
1.828000e+00 -6.281712e-02
1.829000e+00 -6.251134e-02
1.830000e+00 -6.220483e-02
1.831000e+00 -6.189760e-02
1.832000e+00 -6.158965e-02
1.833000e+00 -6.128098e-02
1.834000e+00 -6.097159e-02
1.835000e+00 -6.066148e-02
1.836000e+00 -6.035065e-02
1.837000e+00 -6.003911e-02
1.838000e+00 -5.972684e-02
1.839000e+00 -5.941386e-02
1.840000e+00 -5.910016e-02
1.841000e+00 -5.878574e-02
1.842000e+00 -5.847061e-02
1.843000e+00 -5.815476e-02
1.844000e+00 -5.783819e-02
1.845000e+00 -5.752091e-02
1.846000e+00 -5.720292e-02
1.847000e+00 -5.688422e-02
1.848000e+00 -5.656480e-02
1.849000e+00 -5.624466e-02
1.850000e+00 -5.592382e-02
1.851000e+00 -5.560226e-02
1.852000e+00 -5.528000e-02
1.853000e+00 -5.495702e-02
1.854000e+00 -5.463333e-02
1.855000e+00 -5.430893e-02
1.856000e+00 -5.398383e-02
1.857000e+00 -5.365801e-02
1.858000e+00 -5.333149e-02
1.859000e+00 -5.300426e-02
1.860000e+00 -5.267632e-02
1.861000e+00 -5.234767e-02
1.862000e+00 -5.201832e-02
1.863000e+00 -5.168826e-02
1.864000e+00 -5.135750e-02
1.865000e+00 -5.102603e-02
1.866000e+00 -5.069386e-02
1.867000e+00 -5.036098e-02
1.868000e+00 -5.002741e-02
1.869000e+00 -4.969312e-02
1.870000e+00 -4.935814e-02
1.871000e+00 -4.902245e-02
1.872000e+00 -4.868606e-02
1.873000e+00 -4.834897e-02
1.874000e+00 -4.801118e-02
1.875000e+00 -4.767269e-02
1.876000e+00 -4.733350e-02
1.877000e+00 -4.699361e-02
1.878000e+00 -4.665303e-02
1.879000e+00 -4.631174e-02
1.880000e+00 -4.596976e-02
1.881000e+00 -4.562708e-02
1.882000e+00 -4.528370e-02
1.883000e+00 -4.493962e-02
1.884000e+00 -4.459485e-02
1.885000e+00 -4.424939e-02
1.886000e+00 -4.390323e-02
1.887000e+00 -4.355637e-02
1.888000e+00 -4.320883e-02
1.889000e+00 -4.286058e-02
1.890000e+00 -4.251165e-02
1.891000e+00 -4.216202e-02
1.892000e+00 -4.181170e-02
1.893000e+00 -4.146069e-02
1.894000e+00 -4.110899e-02
1.895000e+00 -4.075659e-02
1.896000e+00 -4.040351e-02
1.897000e+00 -4.004974e-02
1.898000e+00 -3.969527e-02
1.899000e+00 -3.934012e-02
1.900000e+00 -3.898428e-02
1.901000e+00 -3.862775e-02
1.902000e+00 -3.827054e-02
1.903000e+00 -3.791264e-02
1.904000e+00 -3.755405e-02
1.905000e+00 -3.719477e-02
1.906000e+00 -3.683481e-02
1.907000e+00 -3.647416e-02
1.908000e+00 -3.611283e-02
1.909000e+00 -3.575082e-02
1.910000e+00 -3.538812e-02
1.911000e+00 -3.502474e-02
1.912000e+00 -3.466067e-02
1.913000e+00 -3.429592e-02
1.914000e+00 -3.393049e-02
1.915000e+00 -3.356438e-02
1.916000e+00 -3.319759e-02
1.917000e+00 -3.283011e-02
1.918000e+00 -3.246196e-02
1.919000e+00 -3.209313e-02
1.920000e+00 -3.172361e-02
1.921000e+00 -3.135342e-02
1.922000e+00 -3.098255e-02
1.923000e+00 -3.061100e-02
1.924000e+00 -3.023877e-02
1.925000e+00 -2.986587e-02
1.926000e+00 -2.949229e-02
1.927000e+00 -2.911803e-02
1.928000e+00 -2.874310e-02
1.929000e+00 -2.836750e-02
1.930000e+00 -2.799121e-02
1.931000e+00 -2.761426e-02
1.932000e+00 -2.723663e-02
1.933000e+00 -2.685832e-02
1.934000e+00 -2.647934e-02
1.935000e+00 -2.609969e-02
1.936000e+00 -2.571937e-02
1.937000e+00 -2.533838e-02
1.938000e+00 -2.495671e-02
1.939000e+00 -2.457437e-02
1.940000e+00 -2.419136e-02
1.941000e+00 -2.380769e-02
1.942000e+00 -2.342334e-02
1.943000e+00 -2.303832e-02
1.944000e+00 -2.265264e-02
1.945000e+00 -2.226628e-02
1.946000e+00 -2.187926e-02
1.947000e+00 -2.149157e-02
1.948000e+00 -2.110322e-02
1.949000e+00 -2.071419e-02
1.950000e+00 -2.032451e-02
1.951000e+00 -1.993415e-02
1.952000e+00 -1.954313e-02
1.953000e+00 -1.915145e-02
1.954000e+00 -1.875910e-02
1.955000e+00 -1.836608e-02
1.956000e+00 -1.797241e-02
1.957000e+00 -1.757807e-02
1.958000e+00 -1.718306e-02
1.959000e+00 -1.678740e-02
1.960000e+00 -1.639107e-02
1.961000e+00 -1.599408e-02
1.962000e+00 -1.559643e-02
1.963000e+00 -1.519812e-02
1.964000e+00 -1.479915e-02
1.965000e+00 -1.439952e-02
1.966000e+00 -1.399923e-02
1.967000e+00 -1.359828e-02
1.968000e+00 -1.319667e-02
1.969000e+00 -1.279440e-02
1.970000e+00 -1.239148e-02
1.971000e+00 -1.198790e-02
1.972000e+00 -1.158366e-02
1.973000e+00 -1.117877e-02
1.974000e+00 -1.077322e-02
1.975000e+00 -1.036701e-02
1.976000e+00 -9.960152e-03
1.977000e+00 -9.552636e-03
1.978000e+00 -9.144466e-03
1.979000e+00 -8.735642e-03
1.980000e+00 -8.326164e-03
1.981000e+00 -7.916034e-03
1.982000e+00 -7.505250e-03
1.983000e+00 -7.093815e-03
1.984000e+00 -6.681727e-03
1.985000e+00 -6.268988e-03
1.986000e+00 -5.855598e-03
1.987000e+00 -5.441557e-03
1.988000e+00 -5.026866e-03
1.989000e+00 -4.611526e-03
1.990000e+00 -4.195536e-03
1.991000e+00 -3.778896e-03
1.992000e+00 -3.361609e-03
1.993000e+00 -2.943673e-03
1.994000e+00 -2.525089e-03
1.995000e+00 -2.105858e-03
1.996000e+00 -1.685980e-03
1.997000e+00 -1.265455e-03
1.998000e+00 -8.442847e-04
1.999000e+00 -4.224683e-04
2.000000e+00 -6.470466e-09
2.001000e+00 4.230958e-04
2.002000e+00 8.468471e-04
2.003000e+00 1.271242e-03
2.004000e+00 1.696282e-03
2.005000e+00 2.121964e-03
2.006000e+00 2.548289e-03
2.007000e+00 2.975257e-03
2.008000e+00 3.402867e-03
2.009000e+00 3.831119e-03
2.010000e+00 4.260012e-03
2.011000e+00 4.689546e-03
2.012000e+00 5.119720e-03
2.013000e+00 5.550535e-03
2.014000e+00 5.981989e-03
2.015000e+00 6.414083e-03
2.016000e+00 6.846816e-03
2.017000e+00 7.280187e-03
2.018000e+00 7.714196e-03
2.019000e+00 8.148843e-03
2.020000e+00 8.584127e-03
2.021000e+00 9.020048e-03
2.022000e+00 9.456606e-03
2.023000e+00 9.893800e-03
2.024000e+00 1.033163e-02
2.025000e+00 1.077010e-02
2.026000e+00 1.120920e-02
2.027000e+00 1.164893e-02
2.028000e+00 1.208930e-02
2.029000e+00 1.253030e-02
2.030000e+00 1.297194e-02
2.031000e+00 1.341421e-02
2.032000e+00 1.385711e-02
2.033000e+00 1.430064e-02
2.034000e+00 1.474481e-02
2.035000e+00 1.518961e-02
2.036000e+00 1.563503e-02
2.037000e+00 1.608109e-02
2.038000e+00 1.652778e-02
2.039000e+00 1.697510e-02
2.040000e+00 1.742305e-02
2.041000e+00 1.787163e-02
2.042000e+00 1.832084e-02
2.043000e+00 1.877067e-02
2.044000e+00 1.922113e-02
2.045000e+00 1.967223e-02
2.046000e+00 2.012394e-02
2.047000e+00 2.057629e-02
2.048000e+00 2.102926e-02
2.049000e+00 2.148286e-02
2.050000e+00 2.193708e-02
2.051000e+00 2.239193e-02
2.052000e+00 2.284740e-02
2.053000e+00 2.330350e-02
2.054000e+00 2.376022e-02
2.055000e+00 2.421757e-02
2.056000e+00 2.467554e-02
2.057000e+00 2.513413e-02
2.058000e+00 2.559335e-02
2.059000e+00 2.605318e-02
2.060000e+00 2.651364e-02
2.061000e+00 2.697472e-02
2.062000e+00 2.743643e-02
2.063000e+00 2.789875e-02
2.064000e+00 2.836169e-02
2.065000e+00 2.882526e-02
2.066000e+00 2.928944e-02
2.067000e+00 2.975424e-02
2.068000e+00 3.021966e-02
2.069000e+00 3.068570e-02
2.070000e+00 3.115236e-02
2.071000e+00 3.161964e-02
2.072000e+00 3.208753e-02
2.073000e+00 3.255604e-02
2.074000e+00 3.302517e-02
2.075000e+00 3.349491e-02
2.076000e+00 3.396527e-02
2.077000e+00 3.443625e-02
2.078000e+00 3.490784e-02
2.079000e+00 3.538004e-02
2.080000e+00 3.585286e-02
2.081000e+00 3.632629e-02
2.082000e+00 3.680034e-02
2.083000e+00 3.727500e-02
2.084000e+00 3.775028e-02
2.085000e+00 3.822616e-02
2.086000e+00 3.870266e-02
2.087000e+00 3.917977e-02
2.088000e+00 3.965749e-02
2.089000e+00 4.013583e-02
2.090000e+00 4.061477e-02
2.091000e+00 4.109433e-02
2.092000e+00 4.157449e-02
2.093000e+00 4.205526e-02
2.094000e+00 4.253665e-02
2.095000e+00 4.301864e-02
2.096000e+00 4.350124e-02
2.097000e+00 4.398445e-02
2.098000e+00 4.446827e-02
2.099000e+00 4.495270e-02
2.100000e+00 4.543773e-02
2.101000e+00 4.592337e-02
2.102000e+00 4.640961e-02
2.103000e+00 4.689647e-02
2.104000e+00 4.738392e-02
2.105000e+00 4.787199e-02
2.106000e+00 4.836065e-02
2.107000e+00 4.884993e-02
2.108000e+00 4.933980e-02
2.109000e+00 4.983029e-02
2.110000e+00 5.032137e-02
2.111000e+00 5.081306e-02
2.112000e+00 5.130535e-02
2.113000e+00 5.179824e-02
2.114000e+00 5.229174e-02
2.115000e+00 5.278584e-02
2.116000e+00 5.328054e-02
2.117000e+00 5.377584e-02
2.118000e+00 5.427174e-02
2.119000e+00 5.476824e-02
2.120000e+00 5.526534e-02
2.121000e+00 5.576304e-02
2.122000e+00 5.626135e-02
2.123000e+00 5.676025e-02
2.124000e+00 5.725974e-02
2.125000e+00 5.775984e-02
2.126000e+00 5.826054e-02
2.127000e+00 5.876183e-02
2.128000e+00 5.926372e-02
2.129000e+00 5.976621e-02
2.130000e+00 6.026929e-02
2.131000e+00 6.077297e-02
2.132000e+00 6.127725e-02
2.133000e+00 6.178212e-02
2.134000e+00 6.228758e-02
2.135000e+00 6.279365e-02
2.136000e+00 6.330030e-02
2.137000e+00 6.380755e-02
2.138000e+00 6.431540e-02
2.139000e+00 6.482383e-02
2.140000e+00 6.533287e-02
2.141000e+00 6.584249e-02
2.142000e+00 6.635271e-02
2.143000e+00 6.686351e-02
2.144000e+00 6.737491e-02
2.145000e+00 6.788691e-02
2.146000e+00 6.839949e-02
2.147000e+00 6.891266e-02
2.148000e+00 6.942643e-02
2.149000e+00 6.994078e-02
2.150000e+00 7.045572e-02
2.151000e+00 7.097126e-02
2.152000e+00 7.148738e-02
2.153000e+00 7.200409e-02
2.154000e+00 7.252139e-02
2.155000e+00 7.303928e-02
2.156000e+00 7.355775e-02
2.157000e+00 7.407681e-02
2.158000e+00 7.459646e-02
2.159000e+00 7.511670e-02
2.160000e+00 7.563752e-02
2.161000e+00 7.615893e-02
2.162000e+00 7.668093e-02
2.163000e+00 7.720351e-02
2.164000e+00 7.772667e-02
2.165000e+00 7.825042e-02
2.166000e+00 7.877476e-02
2.167000e+00 7.929967e-02
2.168000e+00 7.982517e-02
2.169000e+00 8.035126e-02
2.170000e+00 8.087793e-02
2.171000e+00 8.140518e-02
2.172000e+00 8.193301e-02
2.173000e+00 8.246143e-02
2.174000e+00 8.299042e-02
2.175000e+00 8.352000e-02
2.176000e+00 8.405016e-02
2.177000e+00 8.458090e-02
2.178000e+00 8.511222e-02
2.179000e+00 8.564412e-02
2.180000e+00 8.617660e-02
2.181000e+00 8.670966e-02
2.182000e+00 8.724330e-02
2.183000e+00 8.777752e-02
2.184000e+00 8.831232e-02
2.185000e+00 8.884769e-02
2.186000e+00 8.938364e-02
2.187000e+00 8.992017e-02
2.188000e+00 9.045728e-02
2.189000e+00 9.099496e-02
2.190000e+00 9.153322e-02
2.191000e+00 9.207206e-02
2.192000e+00 9.261147e-02
2.193000e+00 9.315146e-02
2.194000e+00 9.369202e-02
2.195000e+00 9.423316e-02
2.196000e+00 9.477487e-02
2.197000e+00 9.531716e-02
2.198000e+00 9.586002e-02
2.199000e+00 9.640345e-02
2.200000e+00 9.694746e-02
2.201000e+00 9.749204e-02
2.202000e+00 9.803719e-02
2.203000e+00 9.858291e-02
2.204000e+00 9.912921e-02
2.205000e+00 9.967608e-02
2.206000e+00 1.002235e-01
2.207000e+00 1.007715e-01
2.208000e+00 1.013201e-01
2.209000e+00 1.018693e-01
2.210000e+00 1.024190e-01
2.211000e+00 1.029693e-01
2.212000e+00 1.035201e-01
2.213000e+00 1.040716e-01
2.214000e+00 1.046236e-01
2.215000e+00 1.051761e-01
2.216000e+00 1.057293e-01
2.217000e+00 1.062830e-01
2.218000e+00 1.068372e-01
2.219000e+00 1.073921e-01
2.220000e+00 1.079475e-01
2.221000e+00 1.085035e-01
2.222000e+00 1.090600e-01
2.223000e+00 1.096171e-01
2.224000e+00 1.101748e-01
2.225000e+00 1.107330e-01
2.226000e+00 1.112918e-01
2.227000e+00 1.118512e-01
2.228000e+00 1.124111e-01
2.229000e+00 1.129716e-01
2.230000e+00 1.135326e-01
2.231000e+00 1.140943e-01
2.232000e+00 1.146565e-01
2.233000e+00 1.152192e-01
2.234000e+00 1.157825e-01
2.235000e+00 1.163464e-01
2.236000e+00 1.169108e-01
2.237000e+00 1.174758e-01
2.238000e+00 1.180414e-01
2.239000e+00 1.186075e-01
2.240000e+00 1.191742e-01
2.241000e+00 1.197414e-01
2.242000e+00 1.203092e-01
2.243000e+00 1.208776e-01
2.244000e+00 1.214465e-01
2.245000e+00 1.220159e-01
2.246000e+00 1.225860e-01
2.247000e+00 1.231566e-01
2.248000e+00 1.237277e-01
2.249000e+00 1.242994e-01
2.250000e+00 1.248717e-01
2.251000e+00 1.254445e-01
2.252000e+00 1.260179e-01
2.253000e+00 1.265919e-01
2.254000e+00 1.271663e-01
2.255000e+00 1.277414e-01
2.256000e+00 1.283170e-01
2.257000e+00 1.288932e-01
2.258000e+00 1.294699e-01
2.259000e+00 1.300472e-01
2.260000e+00 1.306250e-01
2.261000e+00 1.312034e-01
2.262000e+00 1.317823e-01
2.263000e+00 1.323618e-01
2.264000e+00 1.329418e-01
2.265000e+00 1.335224e-01
2.266000e+00 1.341036e-01
2.267000e+00 1.346853e-01
2.268000e+00 1.352675e-01
2.269000e+00 1.358503e-01
2.270000e+00 1.364337e-01
2.271000e+00 1.370176e-01
2.272000e+00 1.376021e-01
2.273000e+00 1.381871e-01
2.274000e+00 1.387726e-01
2.275000e+00 1.393587e-01
2.276000e+00 1.399454e-01
2.277000e+00 1.405326e-01
2.278000e+00 1.411204e-01
2.279000e+00 1.417087e-01
2.280000e+00 1.422975e-01
2.281000e+00 1.428869e-01
2.282000e+00 1.434769e-01
2.283000e+00 1.440674e-01
2.284000e+00 1.446584e-01
2.285000e+00 1.452500e-01
2.286000e+00 1.458422e-01
2.287000e+00 1.464349e-01
2.288000e+00 1.470281e-01
2.289000e+00 1.476219e-01
2.290000e+00 1.482162e-01
2.291000e+00 1.488111e-01
2.292000e+00 1.494065e-01
2.293000e+00 1.500025e-01
2.294000e+00 1.505990e-01
2.295000e+00 1.511960e-01
2.296000e+00 1.517936e-01
2.297000e+00 1.523918e-01
2.298000e+00 1.529905e-01
2.299000e+00 1.535897e-01
2.300000e+00 1.541894e-01
2.301000e+00 1.547898e-01
2.302000e+00 1.553906e-01
2.303000e+00 1.559920e-01
2.304000e+00 1.565939e-01
2.305000e+00 1.571964e-01
2.306000e+00 1.577994e-01
2.307000e+00 1.584030e-01
2.308000e+00 1.590071e-01
2.309000e+00 1.596117e-01
2.310000e+00 1.602169e-01
2.311000e+00 1.608226e-01
2.312000e+00 1.614289e-01
2.313000e+00 1.620357e-01
2.314000e+00 1.626430e-01
2.315000e+00 1.632509e-01
2.316000e+00 1.638593e-01
2.317000e+00 1.644683e-01
2.318000e+00 1.650778e-01
2.319000e+00 1.656878e-01
2.320000e+00 1.662984e-01
2.321000e+00 1.669095e-01
2.322000e+00 1.675211e-01
2.323000e+00 1.681333e-01
2.324000e+00 1.687460e-01
2.325000e+00 1.693592e-01
2.326000e+00 1.699730e-01
2.327000e+00 1.705873e-01
2.328000e+00 1.712022e-01
2.329000e+00 1.718176e-01
2.330000e+00 1.724335e-01
2.331000e+00 1.730500e-01
2.332000e+00 1.736669e-01
2.333000e+00 1.742845e-01
2.334000e+00 1.749025e-01
2.335000e+00 1.755211e-01
2.336000e+00 1.761402e-01
2.337000e+00 1.767599e-01
2.338000e+00 1.773801e-01
2.339000e+00 1.780008e-01
2.340000e+00 1.786220e-01
2.341000e+00 1.792438e-01
2.342000e+00 1.798661e-01
2.343000e+00 1.804890e-01
2.344000e+00 1.811123e-01
2.345000e+00 1.817362e-01
2.346000e+00 1.823607e-01
2.347000e+00 1.829856e-01
2.348000e+00 1.836111e-01
2.349000e+00 1.842371e-01
2.350000e+00 1.848637e-01
2.351000e+00 1.854908e-01
2.352000e+00 1.861184e-01
2.353000e+00 1.867465e-01
2.354000e+00 1.873752e-01
2.355000e+00 1.880044e-01
2.356000e+00 1.886341e-01
2.357000e+00 1.892643e-01
2.358000e+00 1.898951e-01
2.359000e+00 1.905264e-01
2.360000e+00 1.911582e-01
2.361000e+00 1.917905e-01
2.362000e+00 1.924234e-01
2.363000e+00 1.930568e-01
2.364000e+00 1.936907e-01
2.365000e+00 1.943252e-01
2.366000e+00 1.949602e-01
2.367000e+00 1.955956e-01
2.368000e+00 1.962317e-01
2.369000e+00 1.968682e-01
2.370000e+00 1.975053e-01
2.371000e+00 1.981429e-01
2.372000e+00 1.987810e-01
2.373000e+00 1.994196e-01
2.374000e+00 2.000588e-01
2.375000e+00 2.006985e-01
2.376000e+00 2.013387e-01
2.377000e+00 2.019794e-01
2.378000e+00 2.026206e-01
2.379000e+00 2.032624e-01
2.380000e+00 2.039047e-01
2.381000e+00 2.045475e-01
2.382000e+00 2.051908e-01
2.383000e+00 2.058346e-01
2.384000e+00 2.064790e-01
2.385000e+00 2.071239e-01
2.386000e+00 2.077693e-01
2.387000e+00 2.084152e-01
2.388000e+00 2.090617e-01
2.389000e+00 2.097086e-01
2.390000e+00 2.103561e-01
2.391000e+00 2.110041e-01
2.392000e+00 2.116526e-01
2.393000e+00 2.123016e-01
2.394000e+00 2.129512e-01
2.395000e+00 2.136013e-01
2.396000e+00 2.142518e-01
2.397000e+00 2.149029e-01
2.398000e+00 2.155545e-01
2.399000e+00 2.162067e-01
2.400000e+00 2.168593e-01
2.401000e+00 2.175125e-01
2.402000e+00 2.181661e-01
2.403000e+00 2.188203e-01
2.404000e+00 2.194750e-01
2.405000e+00 2.201303e-01
2.406000e+00 2.207860e-01
2.407000e+00 2.214422e-01
2.408000e+00 2.220990e-01
2.409000e+00 2.227563e-01
2.410000e+00 2.234140e-01
2.411000e+00 2.240723e-01
2.412000e+00 2.247311e-01
2.413000e+00 2.253905e-01
2.414000e+00 2.260503e-01
2.415000e+00 2.267106e-01
2.416000e+00 2.273715e-01
2.417000e+00 2.280329e-01
2.418000e+00 2.286947e-01
2.419000e+00 2.293571e-01
2.420000e+00 2.300200e-01
2.421000e+00 2.306834e-01
2.422000e+00 2.313473e-01
2.423000e+00 2.320118e-01
2.424000e+00 2.326767e-01
2.425000e+00 2.333422e-01
2.426000e+00 2.340081e-01
2.427000e+00 2.346746e-01
2.428000e+00 2.353415e-01
2.429000e+00 2.360090e-01
2.430000e+00 2.366770e-01
2.431000e+00 2.373455e-01
2.432000e+00 2.380145e-01
2.433000e+00 2.386840e-01
2.434000e+00 2.393540e-01
2.435000e+00 2.400245e-01
2.436000e+00 2.406956e-01
2.437000e+00 2.413671e-01
2.438000e+00 2.420391e-01
2.439000e+00 2.427117e-01
2.440000e+00 2.433847e-01
2.441000e+00 2.440583e-01
2.442000e+00 2.447323e-01
2.443000e+00 2.454069e-01
2.444000e+00 2.460820e-01
2.445000e+00 2.467575e-01
2.446000e+00 2.474336e-01
2.447000e+00 2.481102e-01
2.448000e+00 2.487873e-01
2.449000e+00 2.494649e-01
2.450000e+00 2.501430e-01
2.451000e+00 2.508215e-01
2.452000e+00 2.515006e-01
2.453000e+00 2.521802e-01
2.454000e+00 2.528603e-01
2.455000e+00 2.535409e-01
2.456000e+00 2.542220e-01
2.457000e+00 2.549036e-01
2.458000e+00 2.555857e-01
2.459000e+00 2.562683e-01
2.460000e+00 2.569514e-01
2.461000e+00 2.576350e-01
2.462000e+00 2.583191e-01
2.463000e+00 2.590037e-01
2.464000e+00 2.596888e-01
2.465000e+00 2.603744e-01
2.466000e+00 2.610605e-01
2.467000e+00 2.617471e-01
2.468000e+00 2.624342e-01
2.469000e+00 2.631218e-01
2.470000e+00 2.638099e-01
2.471000e+00 2.644985e-01
2.472000e+00 2.651876e-01
2.473000e+00 2.658771e-01
2.474000e+00 2.665672e-01
2.475000e+00 2.672578e-01
2.476000e+00 2.679489e-01
2.477000e+00 2.686404e-01
2.478000e+00 2.693325e-01
2.479000e+00 2.700251e-01
2.480000e+00 2.707181e-01
2.481000e+00 2.714117e-01
2.482000e+00 2.721057e-01
2.483000e+00 2.728003e-01
2.484000e+00 2.734953e-01
2.485000e+00 2.741908e-01
2.486000e+00 2.748868e-01
2.487000e+00 2.755833e-01
2.488000e+00 2.762804e-01
2.489000e+00 2.769779e-01
2.490000e+00 2.776759e-01
2.491000e+00 2.783743e-01
2.492000e+00 2.790733e-01
2.493000e+00 2.797728e-01
2.494000e+00 2.804728e-01
2.495000e+00 2.811732e-01
2.496000e+00 2.818742e-01
2.497000e+00 2.825756e-01
2.498000e+00 2.832775e-01
2.499000e+00 2.839800e-01
2.500000e+00 2.846829e-01
2.501000e+00 2.853863e-01
2.502000e+00 2.860902e-01
2.503000e+00 2.867945e-01
2.504000e+00 2.874994e-01
2.505000e+00 2.882048e-01
2.506000e+00 2.889106e-01
2.507000e+00 2.896170e-01
2.508000e+00 2.903238e-01
2.509000e+00 2.910311e-01
2.510000e+00 2.917389e-01
2.511000e+00 2.924472e-01
2.512000e+00 2.931560e-01
2.513000e+00 2.938652e-01
2.514000e+00 2.945750e-01
2.515000e+00 2.952852e-01
2.516000e+00 2.959960e-01
2.517000e+00 2.967072e-01
2.518000e+00 2.974189e-01
2.519000e+00 2.981311e-01
2.520000e+00 2.988438e-01
2.521000e+00 2.995569e-01
2.522000e+00 3.002706e-01
2.523000e+00 3.009847e-01
2.524000e+00 3.016993e-01
2.525000e+00 3.024144e-01
2.526000e+00 3.031300e-01
2.527000e+00 3.038461e-01
2.528000e+00 3.045626e-01
2.529000e+00 3.052796e-01
2.530000e+00 3.059972e-01
2.531000e+00 3.067152e-01
2.532000e+00 3.074337e-01
2.533000e+00 3.081526e-01
2.534000e+00 3.088721e-01
2.535000e+00 3.095920e-01
2.536000e+00 3.103124e-01
2.537000e+00 3.110333e-01
2.538000e+00 3.117547e-01
2.539000e+00 3.124766e-01
2.540000e+00 3.131989e-01
2.541000e+00 3.139217e-01
2.542000e+00 3.146450e-01
2.543000e+00 3.153688e-01
2.544000e+00 3.160931e-01
2.545000e+00 3.168178e-01
2.546000e+00 3.175431e-01
2.547000e+00 3.182688e-01
2.548000e+00 3.189950e-01
2.549000e+00 3.197216e-01
2.550000e+00 3.204488e-01
2.551000e+00 3.211764e-01
2.552000e+00 3.219045e-01
2.553000e+00 3.226331e-01
2.554000e+00 3.233621e-01
2.555000e+00 3.240917e-01
2.556000e+00 3.248217e-01
2.557000e+00 3.255522e-01
2.558000e+00 3.262832e-01
2.559000e+00 3.270146e-01
2.560000e+00 3.277465e-01
2.561000e+00 3.284789e-01
2.562000e+00 3.292118e-01
2.563000e+00 3.299451e-01
2.564000e+00 3.306790e-01
2.565000e+00 3.314133e-01
2.566000e+00 3.321481e-01
2.567000e+00 3.328833e-01
2.568000e+00 3.336190e-01
2.569000e+00 3.343552e-01
2.570000e+00 3.350919e-01
2.571000e+00 3.358291e-01
2.572000e+00 3.365667e-01
2.573000e+00 3.373048e-01
2.574000e+00 3.380434e-01
2.575000e+00 3.387824e-01
2.576000e+00 3.395219e-01
2.577000e+00 3.402619e-01
2.578000e+00 3.410024e-01
2.579000e+00 3.417433e-01
2.580000e+00 3.424848e-01
2.581000e+00 3.432266e-01
2.582000e+00 3.439690e-01
2.583000e+00 3.447118e-01
2.584000e+00 3.454551e-01
2.585000e+00 3.461989e-01
2.586000e+00 3.469431e-01
2.587000e+00 3.476878e-01
2.588000e+00 3.484330e-01
2.589000e+00 3.491787e-01
2.590000e+00 3.499248e-01
2.591000e+00 3.506714e-01
2.592000e+00 3.514185e-01
2.593000e+00 3.521660e-01
2.594000e+00 3.529140e-01
2.595000e+00 3.536625e-01
2.596000e+00 3.544114e-01
2.597000e+00 3.551608e-01
2.598000e+00 3.559107e-01
2.599000e+00 3.566610e-01
2.600000e+00 3.574119e-01
2.601000e+00 3.581631e-01
2.602000e+00 3.589149e-01
2.603000e+00 3.596671e-01
2.604000e+00 3.604198e-01
2.605000e+00 3.611729e-01
2.606000e+00 3.619266e-01
2.607000e+00 3.626806e-01
2.608000e+00 3.634352e-01
2.609000e+00 3.641902e-01
2.610000e+00 3.649457e-01
2.611000e+00 3.657016e-01
2.612000e+00 3.664580e-01
2.613000e+00 3.672149e-01
2.614000e+00 3.679723e-01
2.615000e+00 3.687301e-01
2.616000e+00 3.694883e-01
2.617000e+00 3.702471e-01
2.618000e+00 3.710063e-01
2.619000e+00 3.717660e-01
2.620000e+00 3.725261e-01
2.621000e+00 3.732867e-01
2.622000e+00 3.740477e-01
2.623000e+00 3.748092e-01
2.624000e+00 3.755712e-01
2.625000e+00 3.763337e-01
2.626000e+00 3.770966e-01
2.627000e+00 3.778600e-01
2.628000e+00 3.786238e-01
2.629000e+00 3.793881e-01
2.630000e+00 3.801528e-01
2.631000e+00 3.809180e-01
2.632000e+00 3.816837e-01
2.633000e+00 3.824499e-01
2.634000e+00 3.832165e-01
2.635000e+00 3.839835e-01
2.636000e+00 3.847510e-01
2.637000e+00 3.855190e-01
2.638000e+00 3.862875e-01
2.639000e+00 3.870564e-01
2.640000e+00 3.878257e-01
2.641000e+00 3.885955e-01
2.642000e+00 3.893658e-01
2.643000e+00 3.901366e-01
2.644000e+00 3.909078e-01
2.645000e+00 3.916794e-01
2.646000e+00 3.924515e-01
2.647000e+00 3.932241e-01
2.648000e+00 3.939971e-01
2.649000e+00 3.947706e-01
2.650000e+00 3.955446e-01
2.651000e+00 3.963190e-01
2.652000e+00 3.970938e-01
2.653000e+00 3.978691e-01
2.654000e+00 3.986449e-01
2.655000e+00 3.994211e-01
2.656000e+00 4.001978e-01
2.657000e+00 4.009750e-01
2.658000e+00 4.017525e-01
2.659000e+00 4.025306e-01
2.660000e+00 4.033091e-01
2.661000e+00 4.040881e-01
2.662000e+00 4.048675e-01
2.663000e+00 4.056474e-01
2.664000e+00 4.064277e-01
2.665000e+00 4.072085e-01
2.666000e+00 4.079897e-01
2.667000e+00 4.087714e-01
2.668000e+00 4.095535e-01
2.669000e+00 4.103361e-01
2.670000e+00 4.111192e-01
2.671000e+00 4.119027e-01
2.672000e+00 4.126866e-01
2.673000e+00 4.134711e-01
2.674000e+00 4.142559e-01
2.675000e+00 4.150412e-01
2.676000e+00 4.158270e-01
2.677000e+00 4.166132e-01
2.678000e+00 4.173999e-01
2.679000e+00 4.181870e-01
2.680000e+00 4.189746e-01
2.681000e+00 4.197626e-01
2.682000e+00 4.205511e-01
2.683000e+00 4.213400e-01
2.684000e+00 4.221294e-01
2.685000e+00 4.229192e-01
2.686000e+00 4.237095e-01
2.687000e+00 4.245002e-01
2.688000e+00 4.252914e-01
2.689000e+00 4.260830e-01
2.690000e+00 4.268751e-01
2.691000e+00 4.276676e-01
2.692000e+00 4.284606e-01
2.693000e+00 4.292540e-01
2.694000e+00 4.300479e-01
2.695000e+00 4.308422e-01
2.696000e+00 4.316370e-01
2.697000e+00 4.324322e-01
2.698000e+00 4.332279e-01
2.699000e+00 4.340240e-01
2.700000e+00 4.348205e-01
2.701000e+00 4.356176e-01
2.702000e+00 4.364150e-01
2.703000e+00 4.372129e-01
2.704000e+00 4.380113e-01
2.705000e+00 4.388100e-01
2.706000e+00 4.396093e-01
2.707000e+00 4.404090e-01
2.708000e+00 4.412091e-01
2.709000e+00 4.420097e-01
2.710000e+00 4.428107e-01
2.711000e+00 4.436122e-01
2.712000e+00 4.444141e-01
2.713000e+00 4.452164e-01
2.714000e+00 4.460192e-01
2.715000e+00 4.468225e-01
2.716000e+00 4.476262e-01
2.717000e+00 4.484303e-01
2.718000e+00 4.492349e-01
2.719000e+00 4.500399e-01
2.720000e+00 4.508454e-01
2.721000e+00 4.516513e-01
2.722000e+00 4.524577e-01
2.723000e+00 4.532644e-01
2.724000e+00 4.540717e-01
2.725000e+00 4.548794e-01
2.726000e+00 4.556875e-01
2.727000e+00 4.564961e-01
2.728000e+00 4.573051e-01
2.729000e+00 4.581145e-01
2.730000e+00 4.589244e-01
2.731000e+00 4.597347e-01
2.732000e+00 4.605455e-01
2.733000e+00 4.613567e-01
2.734000e+00 4.621684e-01
2.735000e+00 4.629805e-01
2.736000e+00 4.637930e-01
2.737000e+00 4.646060e-01
2.738000e+00 4.654194e-01
2.739000e+00 4.662333e-01
2.740000e+00 4.670476e-01
2.741000e+00 4.678623e-01
2.742000e+00 4.686775e-01
2.743000e+00 4.694931e-01
2.744000e+00 4.703091e-01
2.745000e+00 4.711256e-01
2.746000e+00 4.719426e-01
2.747000e+00 4.727599e-01
2.748000e+00 4.735777e-01
2.749000e+00 4.743960e-01
2.750000e+00 4.752147e-01
2.751000e+00 4.760338e-01
2.752000e+00 4.768533e-01
2.753000e+00 4.776733e-01
2.754000e+00 4.784938e-01
2.755000e+00 4.793146e-01
2.756000e+00 4.801359e-01
2.757000e+00 4.809577e-01
2.758000e+00 4.817799e-01
2.759000e+00 4.826025e-01
2.760000e+00 4.834255e-01
2.761000e+00 4.842490e-01
2.762000e+00 4.850729e-01
2.763000e+00 4.858973e-01
2.764000e+00 4.867221e-01
2.765000e+00 4.875473e-01
2.766000e+00 4.883730e-01
2.767000e+00 4.891991e-01
2.768000e+00 4.900256e-01
2.769000e+00 4.908525e-01
2.770000e+00 4.916799e-01
2.771000e+00 4.925078e-01
2.772000e+00 4.933360e-01
2.773000e+00 4.941647e-01
2.774000e+00 4.949939e-01
2.775000e+00 4.958234e-01
2.776000e+00 4.966534e-01
2.777000e+00 4.974839e-01
2.778000e+00 4.983147e-01
2.779000e+00 4.991460e-01
2.780000e+00 4.999778e-01
2.781000e+00 5.008099e-01
2.782000e+00 5.016425e-01
2.783000e+00 5.024755e-01
2.784000e+00 5.033090e-01
2.785000e+00 5.041429e-01
2.786000e+00 5.049772e-01
2.787000e+00 5.058119e-01
2.788000e+00 5.066471e-01
2.789000e+00 5.074827e-01
2.790000e+00 5.083188e-01
2.791000e+00 5.091552e-01
2.792000e+00 5.099921e-01
2.793000e+00 5.108295e-01
2.794000e+00 5.116672e-01
2.795000e+00 5.125054e-01
2.796000e+00 5.133440e-01
2.797000e+00 5.141831e-01
2.798000e+00 5.150225e-01
2.799000e+00 5.158625e-01
2.800000e+00 5.167028e-01
2.801000e+00 5.175435e-01
2.802000e+00 5.183847e-01
2.803000e+00 5.192264e-01
2.804000e+00 5.200684e-01
2.805000e+00 5.209109e-01
2.806000e+00 5.217538e-01
2.807000e+00 5.225971e-01
2.808000e+00 5.234409e-01
2.809000e+00 5.242850e-01
2.810000e+00 5.251296e-01
2.811000e+00 5.259747e-01
2.812000e+00 5.268201e-01
2.813000e+00 5.276660e-01
2.814000e+00 5.285123e-01
2.815000e+00 5.293591e-01
2.816000e+00 5.302062e-01
2.817000e+00 5.310538e-01
2.818000e+00 5.319018e-01
2.819000e+00 5.327503e-01
2.820000e+00 5.335992e-01
2.821000e+00 5.344484e-01
2.822000e+00 5.352982e-01
2.823000e+00 5.361483e-01
2.824000e+00 5.369989e-01
2.825000e+00 5.378498e-01
2.826000e+00 5.387013e-01
2.827000e+00 5.395531e-01
2.828000e+00 5.404053e-01
2.829000e+00 5.412580e-01
2.830000e+00 5.421111e-01
2.831000e+00 5.429647e-01
2.832000e+00 5.438186e-01
2.833000e+00 5.446730e-01
2.834000e+00 5.455278e-01
2.835000e+00 5.463830e-01
2.836000e+00 5.472386e-01
2.837000e+00 5.480947e-01
2.838000e+00 5.489512e-01
2.839000e+00 5.498081e-01
2.840000e+00 5.506654e-01
2.841000e+00 5.515232e-01
2.842000e+00 5.523813e-01
2.843000e+00 5.532399e-01
2.844000e+00 5.540989e-01
2.845000e+00 5.549584e-01
2.846000e+00 5.558182e-01
2.847000e+00 5.566785e-01
2.848000e+00 5.575392e-01
2.849000e+00 5.584003e-01
2.850000e+00 5.592618e-01
2.851000e+00 5.601238e-01
2.852000e+00 5.609861e-01
2.853000e+00 5.618489e-01
2.854000e+00 5.627121e-01
2.855000e+00 5.635758e-01
2.856000e+00 5.644398e-01
2.857000e+00 5.653043e-01
2.858000e+00 5.661692e-01
2.859000e+00 5.670345e-01
2.860000e+00 5.679002e-01
2.861000e+00 5.687663e-01
2.862000e+00 5.696329e-01
2.863000e+00 5.704998e-01
2.864000e+00 5.713672e-01
2.865000e+00 5.722350e-01
2.866000e+00 5.731032e-01
2.867000e+00 5.739719e-01
2.868000e+00 5.748409e-01
2.869000e+00 5.757104e-01
2.870000e+00 5.765803e-01
2.871000e+00 5.774506e-01
2.872000e+00 5.783213e-01
2.873000e+00 5.791925e-01
2.874000e+00 5.800640e-01
2.875000e+00 5.809360e-01
2.876000e+00 5.818083e-01
2.877000e+00 5.826811e-01
2.878000e+00 5.835544e-01
2.879000e+00 5.844280e-01
2.880000e+00 5.853020e-01
2.881000e+00 5.861765e-01
2.882000e+00 5.870513e-01
2.883000e+00 5.879266e-01
2.884000e+00 5.888023e-01
2.885000e+00 5.896784e-01
2.886000e+00 5.905550e-01
2.887000e+00 5.914319e-01
2.888000e+00 5.923092e-01
2.889000e+00 5.931870e-01
2.890000e+00 5.940652e-01
2.891000e+00 5.949438e-01
2.892000e+00 5.958228e-01
2.893000e+00 5.967022e-01
2.894000e+00 5.975820e-01
2.895000e+00 5.984622e-01
2.896000e+00 5.993429e-01
2.897000e+00 6.002240e-01
2.898000e+00 6.011054e-01
2.899000e+00 6.019873e-01
2.900000e+00 6.028696e-01
2.901000e+00 6.037523e-01
2.902000e+00 6.046354e-01
2.903000e+00 6.055190e-01
2.904000e+00 6.064029e-01
2.905000e+00 6.072872e-01
2.906000e+00 6.081720e-01
2.907000e+00 6.090572e-01
2.908000e+00 6.099427e-01
2.909000e+00 6.108287e-01
2.910000e+00 6.117151e-01
2.911000e+00 6.126019e-01
2.912000e+00 6.134891e-01
2.913000e+00 6.143768e-01
2.914000e+00 6.152648e-01
2.915000e+00 6.161532e-01
2.916000e+00 6.170421e-01
2.917000e+00 6.179314e-01
2.918000e+00 6.188210e-01
2.919000e+00 6.197111e-01
2.920000e+00 6.206016e-01
2.921000e+00 6.214925e-01
2.922000e+00 6.223838e-01
2.923000e+00 6.232755e-01
2.924000e+00 6.241676e-01
2.925000e+00 6.250601e-01
2.926000e+00 6.259530e-01
2.927000e+00 6.268464e-01
2.928000e+00 6.277401e-01
2.929000e+00 6.286342e-01
2.930000e+00 6.295288e-01
2.931000e+00 6.304237e-01
2.932000e+00 6.313191e-01
2.933000e+00 6.322149e-01
2.934000e+00 6.331111e-01
2.935000e+00 6.340076e-01
2.936000e+00 6.349046e-01
2.937000e+00 6.358020e-01
2.938000e+00 6.366998e-01
2.939000e+00 6.375980e-01
2.940000e+00 6.384966e-01
2.941000e+00 6.393956e-01
2.942000e+00 6.402950e-01
2.943000e+00 6.411948e-01
2.944000e+00 6.420951e-01
2.945000e+00 6.429957e-01
2.946000e+00 6.438967e-01
2.947000e+00 6.447982e-01
2.948000e+00 6.457000e-01
2.949000e+00 6.466022e-01
2.950000e+00 6.475049e-01
2.951000e+00 6.484079e-01
2.952000e+00 6.493114e-01
2.953000e+00 6.502152e-01
2.954000e+00 6.511195e-01
2.955000e+00 6.520241e-01
2.956000e+00 6.529292e-01
2.957000e+00 6.538346e-01
2.958000e+00 6.547405e-01
2.959000e+00 6.556467e-01
2.960000e+00 6.565534e-01
2.961000e+00 6.574605e-01
2.962000e+00 6.583679e-01
2.963000e+00 6.592758e-01
2.964000e+00 6.601841e-01
2.965000e+00 6.610927e-01
2.966000e+00 6.620018e-01
2.967000e+00 6.629113e-01
2.968000e+00 6.638211e-01
2.969000e+00 6.647314e-01
2.970000e+00 6.656421e-01
2.971000e+00 6.665531e-01
2.972000e+00 6.674646e-01
2.973000e+00 6.683765e-01
2.974000e+00 6.692887e-01
2.975000e+00 6.702014e-01
2.976000e+00 6.711144e-01
2.977000e+00 6.720279e-01
2.978000e+00 6.729418e-01
2.979000e+00 6.738560e-01
2.980000e+00 6.747707e-01
2.981000e+00 6.756857e-01
2.982000e+00 6.766012e-01
2.983000e+00 6.775170e-01
2.984000e+00 6.784333e-01
2.985000e+00 6.793499e-01
2.986000e+00 6.802670e-01
2.987000e+00 6.811844e-01
2.988000e+00 6.821022e-01
2.989000e+00 6.830205e-01
2.990000e+00 6.839391e-01
2.991000e+00 6.848581e-01
2.992000e+00 6.857776e-01
2.993000e+00 6.866974e-01
2.994000e+00 6.876176e-01
2.995000e+00 6.885382e-01
2.996000e+00 6.894592e-01
2.997000e+00 6.903806e-01
2.998000e+00 6.913024e-01
2.999000e+00 6.922246e-01
3.000000e+00 6.931472e-01
3.001000e+00 6.940702e-01
3.002000e+00 6.949935e-01
3.003000e+00 6.959173e-01
3.004000e+00 6.968415e-01
3.005000e+00 6.977660e-01
3.006000e+00 6.986910e-01
3.007000e+00 6.996163e-01
3.008000e+00 7.005421e-01
3.009000e+00 7.014682e-01
3.010000e+00 7.023947e-01
3.011000e+00 7.033217e-01
3.012000e+00 7.042490e-01
3.013000e+00 7.051767e-01
3.014000e+00 7.061048e-01
3.015000e+00 7.070333e-01
3.016000e+00 7.079622e-01
3.017000e+00 7.088914e-01
3.018000e+00 7.098211e-01
3.019000e+00 7.107512e-01
3.020000e+00 7.116816e-01
3.021000e+00 7.126125e-01
3.022000e+00 7.135437e-01
3.023000e+00 7.144754e-01
3.024000e+00 7.154074e-01
3.025000e+00 7.163398e-01
3.026000e+00 7.172726e-01
3.027000e+00 7.182058e-01
3.028000e+00 7.191394e-01
3.029000e+00 7.200734e-01
3.030000e+00 7.210077e-01
3.031000e+00 7.219425e-01
3.032000e+00 7.228776e-01
3.033000e+00 7.238132e-01
3.034000e+00 7.247491e-01
3.035000e+00 7.256854e-01
3.036000e+00 7.266221e-01
3.037000e+00 7.275592e-01
3.038000e+00 7.284967e-01
3.039000e+00 7.294346e-01
3.040000e+00 7.303729e-01
3.041000e+00 7.313115e-01
3.042000e+00 7.322506e-01
3.043000e+00 7.331900e-01
3.044000e+00 7.341298e-01
3.045000e+00 7.350700e-01
3.046000e+00 7.360106e-01
3.047000e+00 7.369516e-01
3.048000e+00 7.378930e-01
3.049000e+00 7.388347e-01
3.050000e+00 7.397769e-01
3.051000e+00 7.407194e-01
3.052000e+00 7.416623e-01
3.053000e+00 7.426056e-01
3.054000e+00 7.435493e-01
3.055000e+00 7.444934e-01
3.056000e+00 7.454379e-01
3.057000e+00 7.463827e-01
3.058000e+00 7.473280e-01
3.059000e+00 7.482736e-01
3.060000e+00 7.492196e-01
3.061000e+00 7.501660e-01
3.062000e+00 7.511128e-01
3.063000e+00 7.520600e-01
3.064000e+00 7.530075e-01
3.065000e+00 7.539555e-01
3.066000e+00 7.549038e-01
3.067000e+00 7.558525e-01
3.068000e+00 7.568016e-01
3.069000e+00 7.577511e-01
3.070000e+00 7.587010e-01
3.071000e+00 7.596512e-01
3.072000e+00 7.606019e-01
3.073000e+00 7.615529e-01
3.074000e+00 7.625043e-01
3.075000e+00 7.634561e-01
3.076000e+00 7.644082e-01
3.077000e+00 7.653608e-01
3.078000e+00 7.663137e-01
3.079000e+00 7.672670e-01
3.080000e+00 7.682208e-01
3.081000e+00 7.691748e-01
3.082000e+00 7.701293e-01
3.083000e+00 7.710842e-01
3.084000e+00 7.720394e-01
3.085000e+00 7.729950e-01
3.086000e+00 7.739510e-01
3.087000e+00 7.749074e-01
3.088000e+00 7.758642e-01
3.089000e+00 7.768213e-01
3.090000e+00 7.777788e-01
3.091000e+00 7.787367e-01
3.092000e+00 7.796950e-01
3.093000e+00 7.806537e-01
3.094000e+00 7.816128e-01
3.095000e+00 7.825722e-01
3.096000e+00 7.835320e-01
3.097000e+00 7.844922e-01
3.098000e+00 7.854528e-01
3.099000e+00 7.864137e-01
3.100000e+00 7.873751e-01
3.101000e+00 7.883368e-01
3.102000e+00 7.892989e-01
3.103000e+00 7.902614e-01
3.104000e+00 7.912242e-01
3.105000e+00 7.921875e-01
3.106000e+00 7.931511e-01
3.107000e+00 7.941151e-01
3.108000e+00 7.950794e-01
3.109000e+00 7.960442e-01
3.110000e+00 7.970093e-01
3.111000e+00 7.979748e-01
3.112000e+00 7.989407e-01
3.113000e+00 7.999070e-01
3.114000e+00 8.008736e-01
3.115000e+00 8.018407e-01
3.116000e+00 8.028081e-01
3.117000e+00 8.037758e-01
3.118000e+00 8.047440e-01
3.119000e+00 8.057125e-01
3.120000e+00 8.066814e-01
3.121000e+00 8.076507e-01
3.122000e+00 8.086204e-01
3.123000e+00 8.095904e-01
3.124000e+00 8.105608e-01
3.125000e+00 8.115316e-01
3.126000e+00 8.125028e-01
3.127000e+00 8.134744e-01
3.128000e+00 8.144463e-01
3.129000e+00 8.154186e-01
3.130000e+00 8.163913e-01
3.131000e+00 8.173643e-01
3.132000e+00 8.183378e-01
3.133000e+00 8.193116e-01
3.134000e+00 8.202857e-01
3.135000e+00 8.212603e-01
3.136000e+00 8.222352e-01
3.137000e+00 8.232105e-01
3.138000e+00 8.241862e-01
3.139000e+00 8.251623e-01
3.140000e+00 8.261387e-01
3.141000e+00 8.271155e-01
3.142000e+00 8.280927e-01
3.143000e+00 8.290702e-01
3.144000e+00 8.300482e-01
3.145000e+00 8.310265e-01
3.146000e+00 8.320051e-01
3.147000e+00 8.329842e-01
3.148000e+00 8.339636e-01
3.149000e+00 8.349434e-01
3.150000e+00 8.359236e-01
3.151000e+00 8.369041e-01
3.152000e+00 8.378850e-01
3.153000e+00 8.388663e-01
3.154000e+00 8.398480e-01
3.155000e+00 8.408300e-01
3.156000e+00 8.418124e-01
3.157000e+00 8.427952e-01
3.158000e+00 8.437783e-01
3.159000e+00 8.447619e-01
3.160000e+00 8.457457e-01
3.161000e+00 8.467300e-01
3.162000e+00 8.477146e-01
3.163000e+00 8.486997e-01
3.164000e+00 8.496850e-01
3.165000e+00 8.506708e-01
3.166000e+00 8.516569e-01
3.167000e+00 8.526434e-01
3.168000e+00 8.536303e-01
3.169000e+00 8.546175e-01
3.170000e+00 8.556051e-01
3.171000e+00 8.565931e-01
3.172000e+00 8.575814e-01
3.173000e+00 8.585701e-01
3.174000e+00 8.595592e-01
3.175000e+00 8.605487e-01
3.176000e+00 8.615385e-01
3.177000e+00 8.625287e-01
3.178000e+00 8.635192e-01
3.179000e+00 8.645102e-01
3.180000e+00 8.655015e-01
3.181000e+00 8.664932e-01
3.182000e+00 8.674852e-01
3.183000e+00 8.684776e-01
3.184000e+00 8.694704e-01
3.185000e+00 8.704635e-01
3.186000e+00 8.714570e-01
3.187000e+00 8.724509e-01
3.188000e+00 8.734452e-01
3.189000e+00 8.744398e-01
3.190000e+00 8.754348e-01
3.191000e+00 8.764301e-01
3.192000e+00 8.774258e-01
3.193000e+00 8.784219e-01
3.194000e+00 8.794184e-01
3.195000e+00 8.804152e-01
3.196000e+00 8.814124e-01
3.197000e+00 8.824099e-01
3.198000e+00 8.834079e-01
3.199000e+00 8.844062e-01
3.200000e+00 8.854048e-01
3.201000e+00 8.864038e-01
3.202000e+00 8.874032e-01
3.203000e+00 8.884030e-01
3.204000e+00 8.894031e-01
3.205000e+00 8.904036e-01
3.206000e+00 8.914044e-01
3.207000e+00 8.924057e-01
3.208000e+00 8.934072e-01
3.209000e+00 8.944092e-01
3.210000e+00 8.954115e-01
3.211000e+00 8.964142e-01
3.212000e+00 8.974172e-01
3.213000e+00 8.984206e-01
3.214000e+00 8.994244e-01
3.215000e+00 9.004285e-01
3.216000e+00 9.014330e-01
3.217000e+00 9.024379e-01
3.218000e+00 9.034431e-01
3.219000e+00 9.044487e-01
3.220000e+00 9.054547e-01
3.221000e+00 9.064610e-01
3.222000e+00 9.074677e-01
3.223000e+00 9.084747e-01
3.224000e+00 9.094821e-01
3.225000e+00 9.104899e-01
3.226000e+00 9.114981e-01
3.227000e+00 9.125066e-01
3.228000e+00 9.135154e-01
3.229000e+00 9.145246e-01
3.230000e+00 9.155342e-01
3.231000e+00 9.165442e-01
3.232000e+00 9.175545e-01
3.233000e+00 9.185652e-01
3.234000e+00 9.195762e-01
3.235000e+00 9.205876e-01
3.236000e+00 9.215994e-01
3.237000e+00 9.226115e-01
3.238000e+00 9.236240e-01
3.239000e+00 9.246368e-01
3.240000e+00 9.256500e-01
3.241000e+00 9.266636e-01
3.242000e+00 9.276775e-01
3.243000e+00 9.286918e-01
3.244000e+00 9.297065e-01
3.245000e+00 9.307215e-01
3.246000e+00 9.317368e-01
3.247000e+00 9.327526e-01
3.248000e+00 9.337687e-01
3.249000e+00 9.347851e-01
3.250000e+00 9.358019e-01
3.251000e+00 9.368191e-01
3.252000e+00 9.378366e-01
3.253000e+00 9.388545e-01
3.254000e+00 9.398728e-01
3.255000e+00 9.408914e-01
3.256000e+00 9.419103e-01
3.257000e+00 9.429297e-01
3.258000e+00 9.439494e-01
3.259000e+00 9.449694e-01
3.260000e+00 9.459898e-01
3.261000e+00 9.470106e-01
3.262000e+00 9.480317e-01
3.263000e+00 9.490532e-01
3.264000e+00 9.500750e-01
3.265000e+00 9.510972e-01
3.266000e+00 9.521197e-01
3.267000e+00 9.531427e-01
3.268000e+00 9.541659e-01
3.269000e+00 9.551895e-01
3.270000e+00 9.562135e-01
3.271000e+00 9.572379e-01
3.272000e+00 9.582626e-01
3.273000e+00 9.592876e-01
3.274000e+00 9.603130e-01
3.275000e+00 9.613388e-01
3.276000e+00 9.623649e-01
3.277000e+00 9.633914e-01
3.278000e+00 9.644182e-01
3.279000e+00 9.654454e-01
3.280000e+00 9.664730e-01
3.281000e+00 9.675009e-01
3.282000e+00 9.685292e-01
3.283000e+00 9.695578e-01
3.284000e+00 9.705867e-01
3.285000e+00 9.716161e-01
3.286000e+00 9.726458e-01
3.287000e+00 9.736758e-01
3.288000e+00 9.747062e-01
3.289000e+00 9.757369e-01
3.290000e+00 9.767680e-01
3.291000e+00 9.777995e-01
3.292000e+00 9.788313e-01
3.293000e+00 9.798635e-01
3.294000e+00 9.808960e-01
3.295000e+00 9.819289e-01
3.296000e+00 9.829621e-01
3.297000e+00 9.839957e-01
3.298000e+00 9.850296e-01
3.299000e+00 9.860639e-01
3.300000e+00 9.870986e-01
3.301000e+00 9.881336e-01
3.302000e+00 9.891689e-01
3.303000e+00 9.902046e-01
3.304000e+00 9.912407e-01
3.305000e+00 9.922771e-01
3.306000e+00 9.933139e-01
3.307000e+00 9.943510e-01
3.308000e+00 9.953885e-01
3.309000e+00 9.964263e-01
3.310000e+00 9.974644e-01
3.311000e+00 9.985030e-01
3.312000e+00 9.995419e-01
3.313000e+00 1.000581e+00
3.314000e+00 1.001621e+00
3.315000e+00 1.002661e+00
3.316000e+00 1.003701e+00
3.317000e+00 1.004742e+00
3.318000e+00 1.005783e+00
3.319000e+00 1.006824e+00
3.320000e+00 1.007866e+00
3.321000e+00 1.008908e+00
3.322000e+00 1.009950e+00
3.323000e+00 1.010993e+00
3.324000e+00 1.012036e+00
3.325000e+00 1.013079e+00
3.326000e+00 1.014123e+00
3.327000e+00 1.015167e+00
3.328000e+00 1.016212e+00
3.329000e+00 1.017257e+00
3.330000e+00 1.018302e+00
3.331000e+00 1.019347e+00
3.332000e+00 1.020393e+00
3.333000e+00 1.021439e+00
3.334000e+00 1.022486e+00
3.335000e+00 1.023533e+00
3.336000e+00 1.024580e+00
3.337000e+00 1.025628e+00
3.338000e+00 1.026676e+00
3.339000e+00 1.027724e+00
3.340000e+00 1.028773e+00
3.341000e+00 1.029822e+00
3.342000e+00 1.030871e+00
3.343000e+00 1.031921e+00
3.344000e+00 1.032971e+00
3.345000e+00 1.034022e+00
3.346000e+00 1.035072e+00
3.347000e+00 1.036124e+00
3.348000e+00 1.037175e+00
3.349000e+00 1.038227e+00
3.350000e+00 1.039279e+00
3.351000e+00 1.040332e+00
3.352000e+00 1.041384e+00
3.353000e+00 1.042438e+00
3.354000e+00 1.043491e+00
3.355000e+00 1.044545e+00
3.356000e+00 1.045599e+00
3.357000e+00 1.046654e+00
3.358000e+00 1.047709e+00
3.359000e+00 1.048764e+00
3.360000e+00 1.049820e+00
3.361000e+00 1.050876e+00
3.362000e+00 1.051932e+00
3.363000e+00 1.052989e+00
3.364000e+00 1.054046e+00
3.365000e+00 1.055103e+00
3.366000e+00 1.056161e+00
3.367000e+00 1.057219e+00
3.368000e+00 1.058277e+00
3.369000e+00 1.059336e+00
3.370000e+00 1.060395e+00
3.371000e+00 1.061455e+00
3.372000e+00 1.062514e+00
3.373000e+00 1.063575e+00
3.374000e+00 1.064635e+00
3.375000e+00 1.065696e+00
3.376000e+00 1.066757e+00
3.377000e+00 1.067819e+00
3.378000e+00 1.068880e+00
3.379000e+00 1.069943e+00
3.380000e+00 1.071005e+00
3.381000e+00 1.072068e+00
3.382000e+00 1.073131e+00
3.383000e+00 1.074195e+00
3.384000e+00 1.075259e+00
3.385000e+00 1.076323e+00
3.386000e+00 1.077388e+00
3.387000e+00 1.078453e+00
3.388000e+00 1.079518e+00
3.389000e+00 1.080583e+00
3.390000e+00 1.081649e+00
3.391000e+00 1.082716e+00
3.392000e+00 1.083782e+00
3.393000e+00 1.084849e+00
3.394000e+00 1.085917e+00
3.395000e+00 1.086984e+00
3.396000e+00 1.088053e+00
3.397000e+00 1.089121e+00
3.398000e+00 1.090190e+00
3.399000e+00 1.091259e+00
3.400000e+00 1.092328e+00
3.401000e+00 1.093398e+00
3.402000e+00 1.094468e+00
3.403000e+00 1.095538e+00
3.404000e+00 1.096609e+00
3.405000e+00 1.097680e+00
3.406000e+00 1.098752e+00
3.407000e+00 1.099823e+00
3.408000e+00 1.100896e+00
3.409000e+00 1.101968e+00
3.410000e+00 1.103041e+00
3.411000e+00 1.104114e+00
3.412000e+00 1.105187e+00
3.413000e+00 1.106261e+00
3.414000e+00 1.107335e+00
3.415000e+00 1.108410e+00
3.416000e+00 1.109485e+00
3.417000e+00 1.110560e+00
3.418000e+00 1.111635e+00
3.419000e+00 1.112711e+00
3.420000e+00 1.113788e+00
3.421000e+00 1.114864e+00
3.422000e+00 1.115941e+00
3.423000e+00 1.117018e+00
3.424000e+00 1.118096e+00
3.425000e+00 1.119174e+00
3.426000e+00 1.120252e+00
3.427000e+00 1.121330e+00
3.428000e+00 1.122409e+00
3.429000e+00 1.123489e+00
3.430000e+00 1.124568e+00
3.431000e+00 1.125648e+00
3.432000e+00 1.126728e+00
3.433000e+00 1.127809e+00
3.434000e+00 1.128890e+00
3.435000e+00 1.129971e+00
3.436000e+00 1.131053e+00
3.437000e+00 1.132135e+00
3.438000e+00 1.133217e+00
3.439000e+00 1.134300e+00
3.440000e+00 1.135383e+00
3.441000e+00 1.136466e+00
3.442000e+00 1.137550e+00
3.443000e+00 1.138634e+00
3.444000e+00 1.139718e+00
3.445000e+00 1.140803e+00
3.446000e+00 1.141888e+00
3.447000e+00 1.142973e+00
3.448000e+00 1.144059e+00
3.449000e+00 1.145145e+00
3.450000e+00 1.146231e+00
3.451000e+00 1.147318e+00
3.452000e+00 1.148405e+00
3.453000e+00 1.149492e+00
3.454000e+00 1.150580e+00
3.455000e+00 1.151668e+00
3.456000e+00 1.152756e+00
3.457000e+00 1.153845e+00
3.458000e+00 1.154934e+00
3.459000e+00 1.156023e+00
3.460000e+00 1.157113e+00
3.461000e+00 1.158203e+00
3.462000e+00 1.159293e+00
3.463000e+00 1.160384e+00
3.464000e+00 1.161475e+00
3.465000e+00 1.162566e+00
3.466000e+00 1.163658e+00
3.467000e+00 1.164750e+00
3.468000e+00 1.165842e+00
3.469000e+00 1.166935e+00
3.470000e+00 1.168028e+00
3.471000e+00 1.169121e+00
3.472000e+00 1.170215e+00
3.473000e+00 1.171309e+00
3.474000e+00 1.172404e+00
3.475000e+00 1.173498e+00
3.476000e+00 1.174593e+00
3.477000e+00 1.175689e+00
3.478000e+00 1.176784e+00
3.479000e+00 1.177880e+00
3.480000e+00 1.178977e+00
3.481000e+00 1.180073e+00
3.482000e+00 1.181170e+00
3.483000e+00 1.182268e+00
3.484000e+00 1.183365e+00
3.485000e+00 1.184463e+00
3.486000e+00 1.185562e+00
3.487000e+00 1.186661e+00
3.488000e+00 1.187760e+00
3.489000e+00 1.188859e+00
3.490000e+00 1.189959e+00
3.491000e+00 1.191059e+00
3.492000e+00 1.192159e+00
3.493000e+00 1.193260e+00
3.494000e+00 1.194361e+00
3.495000e+00 1.195462e+00
3.496000e+00 1.196564e+00
3.497000e+00 1.197666e+00
3.498000e+00 1.198768e+00
3.499000e+00 1.199871e+00
3.500000e+00 1.200974e+00
