0.000000e+00 inf
1.000000e-03 9.994238e+02
2.000000e-03 4.994248e+02
3.000000e-03 3.327591e+02
4.000000e-03 2.494267e+02
5.000000e-03 1.994277e+02
6.000000e-03 1.660954e+02
7.000000e-03 1.422868e+02
8.000000e-03 1.244306e+02
9.000000e-03 1.105427e+02
1.000000e-02 9.943259e+01
1.100000e-02 9.034265e+01
1.200000e-02 8.276786e+01
1.300000e-02 7.635857e+01
1.400000e-02 7.086503e+01
1.500000e-02 6.610409e+01
1.600000e-02 6.193838e+01
1.700000e-02 5.826287e+01
1.800000e-02 5.499585e+01
1.900000e-02 5.207283e+01
2.000000e-02 4.944221e+01
2.100000e-02 4.706221e+01
2.200000e-02 4.489866e+01
2.300000e-02 4.292333e+01
2.400000e-02 4.111268e+01
2.500000e-02 3.944696e+01
2.600000e-02 3.790944e+01
2.700000e-02 3.648588e+01
2.800000e-02 3.516407e+01
2.900000e-02 3.393349e+01
3.000000e-02 3.278500e+01
3.100000e-02 3.171067e+01
3.200000e-02 3.070354e+01
3.300000e-02 2.975750e+01
3.400000e-02 2.886717e+01
3.500000e-02 2.802776e+01
3.600000e-02 2.723504e+01
3.700000e-02 2.648521e+01
3.800000e-02 2.577490e+01
3.900000e-02 2.510106e+01
4.000000e-02 2.446096e+01
4.100000e-02 2.385212e+01
4.200000e-02 2.327232e+01
4.300000e-02 2.271952e+01
4.400000e-02 2.219190e+01
4.500000e-02 2.168776e+01
4.600000e-02 2.120558e+01
4.700000e-02 2.074396e+01
4.800000e-02 2.030161e+01
4.900000e-02 1.987734e+01
5.000000e-02 1.947009e+01
5.100000e-02 1.907883e+01
5.200000e-02 1.870266e+01
5.300000e-02 1.834072e+01
5.400000e-02 1.799221e+01
5.500000e-02 1.765641e+01
5.600000e-02 1.733263e+01
5.700000e-02 1.702024e+01
5.800000e-02 1.671866e+01
5.900000e-02 1.642732e+01
6.000000e-02 1.614573e+01
6.100000e-02 1.587339e+01
6.200000e-02 1.560987e+01
6.300000e-02 1.535474e+01
6.400000e-02 1.510761e+01
6.500000e-02 1.486811e+01
6.600000e-02 1.463589e+01
6.700000e-02 1.441063e+01
6.800000e-02 1.419202e+01
6.900000e-02 1.397976e+01
7.000000e-02 1.377360e+01
7.100000e-02 1.357327e+01
7.200000e-02 1.337852e+01
7.300000e-02 1.318914e+01
7.400000e-02 1.300489e+01
7.500000e-02 1.282558e+01
7.600000e-02 1.265101e+01
7.700000e-02 1.248099e+01
7.800000e-02 1.231535e+01
7.900000e-02 1.215393e+01
8.000000e-02 1.199657e+01
8.100000e-02 1.184311e+01
8.200000e-02 1.169341e+01
8.300000e-02 1.154734e+01
8.400000e-02 1.140476e+01
8.500000e-02 1.126556e+01
8.600000e-02 1.112961e+01
8.700000e-02 1.099681e+01
8.800000e-02 1.086705e+01
8.900000e-02 1.074021e+01
9.000000e-02 1.061622e+01
9.100000e-02 1.049496e+01
9.200000e-02 1.037636e+01
9.300000e-02 1.026033e+01
9.400000e-02 1.014678e+01
9.500000e-02 1.003564e+01
9.600000e-02 9.926830e+00
9.700000e-02 9.820279e+00
9.800000e-02 9.715920e+00
9.900000e-02 9.613684e+00
1.000000e-01 9.513508e+00
1.010000e-01 9.415331e+00
1.020000e-01 9.319094e+00
1.030000e-01 9.224740e+00
1.040000e-01 9.132216e+00
1.050000e-01 9.041468e+00
1.060000e-01 8.952447e+00
1.070000e-01 8.865105e+00
1.080000e-01 8.779393e+00
1.090000e-01 8.695268e+00
1.100000e-01 8.612686e+00
1.110000e-01 8.531606e+00
1.120000e-01 8.451987e+00
1.130000e-01 8.373790e+00
1.140000e-01 8.296979e+00
1.150000e-01 8.221516e+00
1.160000e-01 8.147367e+00
1.170000e-01 8.074498e+00
1.180000e-01 8.002876e+00
1.190000e-01 7.932471e+00
1.200000e-01 7.863252e+00
1.210000e-01 7.795188e+00
1.220000e-01 7.728253e+00
1.230000e-01 7.662417e+00
1.240000e-01 7.597656e+00
1.250000e-01 7.533942e+00
1.260000e-01 7.471251e+00
1.270000e-01 7.409558e+00
1.280000e-01 7.348841e+00
1.290000e-01 7.289076e+00
1.300000e-01 7.230242e+00
1.310000e-01 7.172317e+00
1.320000e-01 7.115280e+00
1.330000e-01 7.059112e+00
1.340000e-01 7.003793e+00
1.350000e-01 6.949304e+00
1.360000e-01 6.895627e+00
1.370000e-01 6.842743e+00
1.380000e-01 6.790636e+00
1.390000e-01 6.739290e+00
1.400000e-01 6.688686e+00
1.410000e-01 6.638811e+00
1.420000e-01 6.589647e+00
1.430000e-01 6.541181e+00
1.440000e-01 6.493398e+00
1.450000e-01 6.446284e+00
1.460000e-01 6.399824e+00
1.470000e-01 6.354006e+00
1.480000e-01 6.308817e+00
1.490000e-01 6.264243e+00
1.500000e-01 6.220273e+00
1.510000e-01 6.176894e+00
1.520000e-01 6.134095e+00
1.530000e-01 6.091865e+00
1.540000e-01 6.050191e+00
1.550000e-01 6.009065e+00
1.560000e-01 5.968474e+00
1.570000e-01 5.928409e+00
1.580000e-01 5.888859e+00
1.590000e-01 5.849816e+00
1.600000e-01 5.811269e+00
1.610000e-01 5.773209e+00
1.620000e-01 5.735628e+00
1.630000e-01 5.698516e+00
1.640000e-01 5.661864e+00
1.650000e-01 5.625665e+00
1.660000e-01 5.589910e+00
1.670000e-01 5.554591e+00
1.680000e-01 5.519700e+00
1.690000e-01 5.485231e+00
1.700000e-01 5.451174e+00
1.710000e-01 5.417524e+00
1.720000e-01 5.384272e+00
1.730000e-01 5.351413e+00
1.740000e-01 5.318938e+00
1.750000e-01 5.286842e+00
1.760000e-01 5.255119e+00
1.770000e-01 5.223761e+00
1.780000e-01 5.192763e+00
1.790000e-01 5.162118e+00
1.800000e-01 5.131821e+00
1.810000e-01 5.101866e+00
1.820000e-01 5.072247e+00
1.830000e-01 5.042959e+00
1.840000e-01 5.013997e+00
1.850000e-01 4.985354e+00
1.860000e-01 4.957026e+00
1.870000e-01 4.929008e+00
1.880000e-01 4.901295e+00
1.890000e-01 4.873881e+00
1.900000e-01 4.846763e+00
1.910000e-01 4.819936e+00
1.920000e-01 4.793394e+00
1.930000e-01 4.767135e+00
1.940000e-01 4.741152e+00
1.950000e-01 4.715442e+00
1.960000e-01 4.690001e+00
1.970000e-01 4.664825e+00
1.980000e-01 4.639909e+00
1.990000e-01 4.615250e+00
2.000000e-01 4.590844e+00
2.010000e-01 4.566686e+00
2.020000e-01 4.542774e+00
2.030000e-01 4.519104e+00
2.040000e-01 4.495672e+00
2.050000e-01 4.472474e+00
2.060000e-01 4.449508e+00
2.070000e-01 4.426769e+00
2.080000e-01 4.404255e+00
2.090000e-01 4.381963e+00
2.100000e-01 4.359888e+00
2.110000e-01 4.338028e+00
2.120000e-01 4.316381e+00
2.130000e-01 4.294942e+00
2.140000e-01 4.273709e+00
2.150000e-01 4.252680e+00
2.160000e-01 4.231850e+00
2.170000e-01 4.211219e+00
2.180000e-01 4.190782e+00
2.190000e-01 4.170537e+00
2.200000e-01 4.150482e+00
2.210000e-01 4.130613e+00
2.220000e-01 4.110929e+00
2.230000e-01 4.091427e+00
2.240000e-01 4.072104e+00
2.250000e-01 4.052958e+00
2.260000e-01 4.033987e+00
2.270000e-01 4.015188e+00
2.280000e-01 3.996560e+00
2.290000e-01 3.978099e+00
2.300000e-01 3.959804e+00
2.310000e-01 3.941672e+00
2.320000e-01 3.923702e+00
2.330000e-01 3.905891e+00
2.340000e-01 3.888237e+00
2.350000e-01 3.870738e+00
2.360000e-01 3.853393e+00
2.370000e-01 3.836198e+00
2.380000e-01 3.819154e+00
2.390000e-01 3.802256e+00
2.400000e-01 3.785504e+00
2.410000e-01 3.768896e+00
2.420000e-01 3.752431e+00
2.430000e-01 3.736105e+00
2.440000e-01 3.719918e+00
2.450000e-01 3.703867e+00
2.460000e-01 3.687952e+00
2.470000e-01 3.672170e+00
2.480000e-01 3.656520e+00
2.490000e-01 3.641001e+00
2.500000e-01 3.625610e+00
2.510000e-01 3.610346e+00
2.520000e-01 3.595208e+00
2.530000e-01 3.580194e+00
2.540000e-01 3.565303e+00
2.550000e-01 3.550532e+00
2.560000e-01 3.535882e+00
2.570000e-01 3.521350e+00
2.580000e-01 3.506935e+00
2.590000e-01 3.492636e+00
2.600000e-01 3.478450e+00
2.610000e-01 3.464378e+00
2.620000e-01 3.450418e+00
2.630000e-01 3.436568e+00
2.640000e-01 3.422827e+00
2.650000e-01 3.409194e+00
2.660000e-01 3.395667e+00
2.670000e-01 3.382246e+00
2.680000e-01 3.368929e+00
2.690000e-01 3.355716e+00
2.700000e-01 3.342604e+00
2.710000e-01 3.329593e+00
2.720000e-01 3.316682e+00
2.730000e-01 3.303869e+00
2.740000e-01 3.291154e+00
2.750000e-01 3.278535e+00
2.760000e-01 3.266012e+00
2.770000e-01 3.253583e+00
2.780000e-01 3.241247e+00
2.790000e-01 3.229004e+00
2.800000e-01 3.216852e+00
2.810000e-01 3.204790e+00
2.820000e-01 3.192818e+00
2.830000e-01 3.180933e+00
2.840000e-01 3.169137e+00
2.850000e-01 3.157427e+00
2.860000e-01 3.145803e+00
2.870000e-01 3.134263e+00
2.880000e-01 3.122807e+00
2.890000e-01 3.111434e+00
2.900000e-01 3.100143e+00
2.910000e-01 3.088934e+00
2.920000e-01 3.077805e+00
2.930000e-01 3.066755e+00
2.940000e-01 3.055784e+00
2.950000e-01 3.044892e+00
2.960000e-01 3.034076e+00
2.970000e-01 3.023336e+00
2.980000e-01 3.012673e+00
2.990000e-01 3.002084e+00
3.000000e-01 2.991569e+00
3.010000e-01 2.981127e+00
3.020000e-01 2.970759e+00
3.030000e-01 2.960462e+00
3.040000e-01 2.950236e+00
3.050000e-01 2.940080e+00
3.060000e-01 2.929995e+00
3.070000e-01 2.919978e+00
3.080000e-01 2.910030e+00
3.090000e-01 2.900149e+00
3.100000e-01 2.890336e+00
3.110000e-01 2.880589e+00
3.120000e-01 2.870908e+00
3.130000e-01 2.861292e+00
3.140000e-01 2.851740e+00
3.150000e-01 2.842253e+00
3.160000e-01 2.832828e+00
3.170000e-01 2.823466e+00
3.180000e-01 2.814167e+00
3.190000e-01 2.804929e+00
3.200000e-01 2.795751e+00
3.210000e-01 2.786635e+00
3.220000e-01 2.777577e+00
3.230000e-01 2.768579e+00
3.240000e-01 2.759640e+00
3.250000e-01 2.750759e+00
3.260000e-01 2.741935e+00
3.270000e-01 2.733169e+00
3.280000e-01 2.724459e+00
3.290000e-01 2.715805e+00
3.300000e-01 2.707206e+00
3.310000e-01 2.698663e+00
3.320000e-01 2.690173e+00
3.330000e-01 2.681738e+00
3.340000e-01 2.673357e+00
3.350000e-01 2.665028e+00
3.360000e-01 2.656752e+00
3.370000e-01 2.648528e+00
3.380000e-01 2.640355e+00
3.390000e-01 2.632234e+00
3.400000e-01 2.624163e+00
3.410000e-01 2.616143e+00
3.420000e-01 2.608172e+00
3.430000e-01 2.600251e+00
3.440000e-01 2.592378e+00
3.450000e-01 2.584554e+00
3.460000e-01 2.576778e+00
3.470000e-01 2.569050e+00
3.480000e-01 2.561369e+00
3.490000e-01 2.553735e+00
3.500000e-01 2.546147e+00
3.510000e-01 2.538605e+00
3.520000e-01 2.531109e+00
3.530000e-01 2.523658e+00
3.540000e-01 2.516252e+00
3.550000e-01 2.508890e+00
3.560000e-01 2.501572e+00
3.570000e-01 2.494298e+00
3.580000e-01 2.487068e+00
3.590000e-01 2.479880e+00
3.600000e-01 2.472735e+00
3.610000e-01 2.465632e+00
3.620000e-01 2.458571e+00
3.630000e-01 2.451552e+00
3.640000e-01 2.444573e+00
3.650000e-01 2.437636e+00
3.660000e-01 2.430739e+00
3.670000e-01 2.423882e+00
3.680000e-01 2.417065e+00
3.690000e-01 2.410288e+00
3.700000e-01 2.403550e+00
3.710000e-01 2.396851e+00
3.720000e-01 2.390190e+00
3.730000e-01 2.383568e+00
3.740000e-01 2.376983e+00
3.750000e-01 2.370436e+00
3.760000e-01 2.363927e+00
3.770000e-01 2.357454e+00
3.780000e-01 2.351018e+00
3.790000e-01 2.344619e+00
3.800000e-01 2.338256e+00
3.810000e-01 2.331928e+00
3.820000e-01 2.325636e+00
3.830000e-01 2.319380e+00
3.840000e-01 2.313158e+00
3.850000e-01 2.306972e+00
3.860000e-01 2.300819e+00
3.870000e-01 2.294701e+00
3.880000e-01 2.288617e+00
3.890000e-01 2.282567e+00
3.900000e-01 2.276549e+00
3.910000e-01 2.270565e+00
3.920000e-01 2.264614e+00
3.930000e-01 2.258696e+00
3.940000e-01 2.252810e+00
3.950000e-01 2.246956e+00
3.960000e-01 2.241134e+00
3.970000e-01 2.235343e+00
3.980000e-01 2.229584e+00
3.990000e-01 2.223856e+00
4.000000e-01 2.218160e+00
4.010000e-01 2.212493e+00
4.020000e-01 2.206857e+00
4.030000e-01 2.201252e+00
4.040000e-01 2.195676e+00
4.050000e-01 2.190131e+00
4.060000e-01 2.184614e+00
4.070000e-01 2.179127e+00
4.080000e-01 2.173670e+00
4.090000e-01 2.168241e+00
4.100000e-01 2.162841e+00
4.110000e-01 2.157469e+00
4.120000e-01 2.152125e+00
4.130000e-01 2.146810e+00
4.140000e-01 2.141523e+00
4.150000e-01 2.136263e+00
4.160000e-01 2.131030e+00
4.170000e-01 2.125825e+00
4.180000e-01 2.120647e+00
4.190000e-01 2.115496e+00
4.200000e-01 2.110371e+00
4.210000e-01 2.105273e+00
4.220000e-01 2.100201e+00
4.230000e-01 2.095155e+00
4.240000e-01 2.090135e+00
4.250000e-01 2.085141e+00
4.260000e-01 2.080172e+00
4.270000e-01 2.075229e+00
4.280000e-01 2.070311e+00
4.290000e-01 2.065418e+00
4.300000e-01 2.060549e+00
4.310000e-01 2.055706e+00
4.320000e-01 2.050886e+00
4.330000e-01 2.046092e+00
4.340000e-01 2.041321e+00
4.350000e-01 2.036574e+00
4.360000e-01 2.031851e+00
4.370000e-01 2.027151e+00
4.380000e-01 2.022476e+00
4.390000e-01 2.017823e+00
4.400000e-01 2.013193e+00
4.410000e-01 2.008587e+00
4.420000e-01 2.004003e+00
4.430000e-01 1.999442e+00
4.440000e-01 1.994903e+00
4.450000e-01 1.990387e+00
4.460000e-01 1.985893e+00
4.470000e-01 1.981421e+00
4.480000e-01 1.976971e+00
4.490000e-01 1.972543e+00
4.500000e-01 1.968136e+00
4.510000e-01 1.963751e+00
4.520000e-01 1.959387e+00
4.530000e-01 1.955045e+00
4.540000e-01 1.950723e+00
4.550000e-01 1.946422e+00
4.560000e-01 1.942142e+00
4.570000e-01 1.937883e+00
4.580000e-01 1.933644e+00
4.590000e-01 1.929425e+00
4.600000e-01 1.925227e+00
4.610000e-01 1.921049e+00
4.620000e-01 1.916890e+00
4.630000e-01 1.912752e+00
4.640000e-01 1.908633e+00
4.650000e-01 1.904533e+00
4.660000e-01 1.900454e+00
4.670000e-01 1.896393e+00
4.680000e-01 1.892352e+00
4.690000e-01 1.888329e+00
4.700000e-01 1.884326e+00
4.710000e-01 1.880341e+00
4.720000e-01 1.876375e+00
4.730000e-01 1.872428e+00
4.740000e-01 1.868499e+00
4.750000e-01 1.864588e+00
4.760000e-01 1.860696e+00
4.770000e-01 1.856822e+00
4.780000e-01 1.852965e+00
4.790000e-01 1.849127e+00
4.800000e-01 1.845306e+00
4.810000e-01 1.841503e+00
4.820000e-01 1.837718e+00
4.830000e-01 1.833949e+00
4.840000e-01 1.830199e+00
4.850000e-01 1.826465e+00
4.860000e-01 1.822749e+00
4.870000e-01 1.819049e+00
4.880000e-01 1.815366e+00
4.890000e-01 1.811700e+00
4.900000e-01 1.808051e+00
4.910000e-01 1.804419e+00
4.920000e-01 1.800802e+00
4.930000e-01 1.797203e+00
4.940000e-01 1.793619e+00
4.950000e-01 1.790052e+00
4.960000e-01 1.786500e+00
4.970000e-01 1.782965e+00
4.980000e-01 1.779446e+00
4.990000e-01 1.775942e+00
5.000000e-01 1.772454e+00
5.010000e-01 1.768981e+00
5.020000e-01 1.765524e+00
5.030000e-01 1.762083e+00
5.040000e-01 1.758657e+00
5.050000e-01 1.755245e+00
5.060000e-01 1.751850e+00
5.070000e-01 1.748469e+00
5.080000e-01 1.745103e+00
5.090000e-01 1.741751e+00
5.100000e-01 1.738415e+00
5.110000e-01 1.735093e+00
5.120000e-01 1.731786e+00
5.130000e-01 1.728494e+00
5.140000e-01 1.725215e+00
5.150000e-01 1.721951e+00
5.160000e-01 1.718702e+00
5.170000e-01 1.715466e+00
5.180000e-01 1.712245e+00
5.190000e-01 1.709037e+00
5.200000e-01 1.705844e+00
5.210000e-01 1.702664e+00
5.220000e-01 1.699498e+00
5.230000e-01 1.696346e+00
5.240000e-01 1.693207e+00
5.250000e-01 1.690082e+00
5.260000e-01 1.686970e+00
5.270000e-01 1.683872e+00
5.280000e-01 1.680787e+00
5.290000e-01 1.677715e+00
5.300000e-01 1.674656e+00
5.310000e-01 1.671610e+00
5.320000e-01 1.668577e+00
5.330000e-01 1.665557e+00
5.340000e-01 1.662550e+00
5.350000e-01 1.659556e+00
5.360000e-01 1.656575e+00
5.370000e-01 1.653606e+00
5.380000e-01 1.650649e+00
5.390000e-01 1.647705e+00
5.400000e-01 1.644773e+00
5.410000e-01 1.641854e+00
5.420000e-01 1.638947e+00
5.430000e-01 1.636052e+00
5.440000e-01 1.633170e+00
5.450000e-01 1.630299e+00
5.460000e-01 1.627440e+00
5.470000e-01 1.624594e+00
5.480000e-01 1.621759e+00
5.490000e-01 1.618936e+00
5.500000e-01 1.616124e+00
5.510000e-01 1.613325e+00
5.520000e-01 1.610536e+00
5.530000e-01 1.607760e+00
5.540000e-01 1.604995e+00
5.550000e-01 1.602241e+00
5.560000e-01 1.599499e+00
5.570000e-01 1.596768e+00
5.580000e-01 1.594048e+00
5.590000e-01 1.591339e+00
5.600000e-01 1.588641e+00
5.610000e-01 1.585955e+00
5.620000e-01 1.583279e+00
5.630000e-01 1.580615e+00
5.640000e-01 1.577961e+00
5.650000e-01 1.575318e+00
5.660000e-01 1.572685e+00
5.670000e-01 1.570064e+00
5.680000e-01 1.567453e+00
5.690000e-01 1.564853e+00
5.700000e-01 1.562263e+00
5.710000e-01 1.559683e+00
5.720000e-01 1.557114e+00
5.730000e-01 1.554556e+00
5.740000e-01 1.552007e+00
5.750000e-01 1.549469e+00
5.760000e-01 1.546941e+00
5.770000e-01 1.544423e+00
5.780000e-01 1.541916e+00
5.790000e-01 1.539418e+00
5.800000e-01 1.536930e+00
5.810000e-01 1.534452e+00
5.820000e-01 1.531985e+00
5.830000e-01 1.529526e+00
5.840000e-01 1.527078e+00
5.850000e-01 1.524639e+00
5.860000e-01 1.522210e+00
5.870000e-01 1.519791e+00
5.880000e-01 1.517381e+00
5.890000e-01 1.514981e+00
5.900000e-01 1.512590e+00
5.910000e-01 1.510209e+00
5.920000e-01 1.507837e+00
5.930000e-01 1.505474e+00
5.940000e-01 1.503121e+00
5.950000e-01 1.500776e+00
5.960000e-01 1.498441e+00
5.970000e-01 1.496116e+00
5.980000e-01 1.493799e+00
5.990000e-01 1.491491e+00
6.000000e-01 1.489192e+00
6.010000e-01 1.486902e+00
6.020000e-01 1.484622e+00
6.030000e-01 1.482349e+00
6.040000e-01 1.480086e+00
6.050000e-01 1.477832e+00
6.060000e-01 1.475586e+00
6.070000e-01 1.473349e+00
6.080000e-01 1.471121e+00
6.090000e-01 1.468901e+00
6.100000e-01 1.466690e+00
6.110000e-01 1.464487e+00
6.120000e-01 1.462292e+00
6.130000e-01 1.460107e+00
6.140000e-01 1.457929e+00
6.150000e-01 1.455760e+00
6.160000e-01 1.453599e+00
6.170000e-01 1.451447e+00
6.180000e-01 1.449302e+00
6.190000e-01 1.447166e+00
6.200000e-01 1.445038e+00
6.210000e-01 1.442918e+00
6.220000e-01 1.440806e+00
6.230000e-01 1.438703e+00
6.240000e-01 1.436607e+00
6.250000e-01 1.434519e+00
6.260000e-01 1.432439e+00
6.270000e-01 1.430367e+00
6.280000e-01 1.428302e+00
6.290000e-01 1.426246e+00
6.300000e-01 1.424197e+00
6.310000e-01 1.422156e+00
6.320000e-01 1.420123e+00
6.330000e-01 1.418097e+00
6.340000e-01 1.416079e+00
6.350000e-01 1.414068e+00
6.360000e-01 1.412066e+00
6.370000e-01 1.410070e+00
6.380000e-01 1.408082e+00
6.390000e-01 1.406101e+00
6.400000e-01 1.404128e+00
6.410000e-01 1.402162e+00
6.420000e-01 1.400204e+00
6.430000e-01 1.398253e+00
6.440000e-01 1.396309e+00
6.450000e-01 1.394372e+00
6.460000e-01 1.392442e+00
6.470000e-01 1.390520e+00
6.480000e-01 1.388604e+00
6.490000e-01 1.386696e+00
6.500000e-01 1.384795e+00
6.510000e-01 1.382901e+00
6.520000e-01 1.381014e+00
6.530000e-01 1.379134e+00
6.540000e-01 1.377260e+00
6.550000e-01 1.375394e+00
6.560000e-01 1.373534e+00
6.570000e-01 1.371682e+00
6.580000e-01 1.369836e+00
6.590000e-01 1.367997e+00
6.600000e-01 1.366164e+00
6.610000e-01 1.364338e+00
6.620000e-01 1.362519e+00
6.630000e-01 1.360707e+00
6.640000e-01 1.358901e+00
6.650000e-01 1.357102e+00
6.660000e-01 1.355309e+00
6.670000e-01 1.353523e+00
6.680000e-01 1.351744e+00
6.690000e-01 1.349970e+00
6.700000e-01 1.348204e+00
6.710000e-01 1.346443e+00
6.720000e-01 1.344689e+00
6.730000e-01 1.342942e+00
6.740000e-01 1.341201e+00
6.750000e-01 1.339466e+00
6.760000e-01 1.337737e+00
6.770000e-01 1.336014e+00
6.780000e-01 1.334298e+00
6.790000e-01 1.332588e+00
6.800000e-01 1.330884e+00
6.810000e-01 1.329186e+00
6.820000e-01 1.327494e+00
6.830000e-01 1.325809e+00
6.840000e-01 1.324129e+00
6.850000e-01 1.322455e+00
6.860000e-01 1.320788e+00
6.870000e-01 1.319126e+00
6.880000e-01 1.317470e+00
6.890000e-01 1.315820e+00
6.900000e-01 1.314177e+00
6.910000e-01 1.312538e+00
6.920000e-01 1.310906e+00
6.930000e-01 1.309280e+00
6.940000e-01 1.307659e+00
6.950000e-01 1.306044e+00
6.960000e-01 1.304435e+00
6.970000e-01 1.302832e+00
6.980000e-01 1.301234e+00
6.990000e-01 1.299642e+00
7.000000e-01 1.298055e+00
7.010000e-01 1.296474e+00
7.020000e-01 1.294899e+00
7.030000e-01 1.293329e+00
7.040000e-01 1.291765e+00
7.050000e-01 1.290207e+00
7.060000e-01 1.288654e+00
7.070000e-01 1.287106e+00
7.080000e-01 1.285564e+00
7.090000e-01 1.284027e+00
7.100000e-01 1.282495e+00
7.110000e-01 1.280969e+00
7.120000e-01 1.279449e+00
7.130000e-01 1.277933e+00
7.140000e-01 1.276423e+00
7.150000e-01 1.274918e+00
7.160000e-01 1.273419e+00
7.170000e-01 1.271925e+00
7.180000e-01 1.270436e+00
7.190000e-01 1.268952e+00
7.200000e-01 1.267473e+00
7.210000e-01 1.266000e+00
7.220000e-01 1.264531e+00
7.230000e-01 1.263068e+00
7.240000e-01 1.261610e+00
7.250000e-01 1.260157e+00
7.260000e-01 1.258708e+00
7.270000e-01 1.257265e+00
7.280000e-01 1.255827e+00
7.290000e-01 1.254394e+00
7.300000e-01 1.252966e+00
7.310000e-01 1.251543e+00
7.320000e-01 1.250125e+00
7.330000e-01 1.248712e+00
7.340000e-01 1.247303e+00
7.350000e-01 1.245900e+00
7.360000e-01 1.244501e+00
7.370000e-01 1.243107e+00
7.380000e-01 1.241718e+00
7.390000e-01 1.240334e+00
7.400000e-01 1.238954e+00
7.410000e-01 1.237579e+00
7.420000e-01 1.236209e+00
7.430000e-01 1.234844e+00
7.440000e-01 1.233483e+00
7.450000e-01 1.232127e+00
7.460000e-01 1.230776e+00
7.470000e-01 1.229429e+00
7.480000e-01 1.228087e+00
7.490000e-01 1.226750e+00
7.500000e-01 1.225417e+00
7.510000e-01 1.224088e+00
7.520000e-01 1.222765e+00
7.530000e-01 1.221445e+00
7.540000e-01 1.220130e+00
7.550000e-01 1.218820e+00
7.560000e-01 1.217514e+00
7.570000e-01 1.216213e+00
7.580000e-01 1.214916e+00
7.590000e-01 1.213623e+00
7.600000e-01 1.212335e+00
7.610000e-01 1.211052e+00
7.620000e-01 1.209772e+00
7.630000e-01 1.208497e+00
7.640000e-01 1.207227e+00
7.650000e-01 1.205960e+00
7.660000e-01 1.204698e+00
7.670000e-01 1.203440e+00
7.680000e-01 1.202187e+00
7.690000e-01 1.200937e+00
7.700000e-01 1.199692e+00
7.710000e-01 1.198452e+00
7.720000e-01 1.197215e+00
7.730000e-01 1.195982e+00
7.740000e-01 1.194754e+00
7.750000e-01 1.193530e+00
7.760000e-01 1.192310e+00
7.770000e-01 1.191094e+00
7.780000e-01 1.189882e+00
7.790000e-01 1.188675e+00
7.800000e-01 1.187471e+00
7.810000e-01 1.186271e+00
7.820000e-01 1.185076e+00
7.830000e-01 1.183884e+00
7.840000e-01 1.182697e+00
7.850000e-01 1.181513e+00
7.860000e-01 1.180334e+00
7.870000e-01 1.179158e+00
7.880000e-01 1.177987e+00
7.890000e-01 1.176819e+00
7.900000e-01 1.175655e+00
7.910000e-01 1.174495e+00
7.920000e-01 1.173339e+00
7.930000e-01 1.172187e+00
7.940000e-01 1.171039e+00
7.950000e-01 1.169894e+00
7.960000e-01 1.168754e+00
7.970000e-01 1.167617e+00
7.980000e-01 1.166484e+00
7.990000e-01 1.165355e+00
8.000000e-01 1.164230e+00
8.010000e-01 1.163108e+00
8.020000e-01 1.161990e+00
8.030000e-01 1.160876e+00
8.040000e-01 1.159766e+00
8.050000e-01 1.158659e+00
8.060000e-01 1.157556e+00
8.070000e-01 1.156457e+00
8.080000e-01 1.155361e+00
8.090000e-01 1.154269e+00
8.100000e-01 1.153181e+00
8.110000e-01 1.152096e+00
8.120000e-01 1.151015e+00
8.130000e-01 1.149937e+00
8.140000e-01 1.148863e+00
8.150000e-01 1.147793e+00
8.160000e-01 1.146726e+00
8.170000e-01 1.145663e+00
8.180000e-01 1.144603e+00
8.190000e-01 1.143547e+00
8.200000e-01 1.142494e+00
8.210000e-01 1.141445e+00
8.220000e-01 1.140399e+00
8.230000e-01 1.139357e+00
8.240000e-01 1.138318e+00
8.250000e-01 1.137283e+00
8.260000e-01 1.136251e+00
8.270000e-01 1.135222e+00
8.280000e-01 1.134197e+00
8.290000e-01 1.133175e+00
8.300000e-01 1.132157e+00
8.310000e-01 1.131142e+00
8.320000e-01 1.130131e+00
8.330000e-01 1.129122e+00
8.340000e-01 1.128117e+00
8.350000e-01 1.127116e+00
8.360000e-01 1.126118e+00
8.370000e-01 1.125123e+00
8.380000e-01 1.124131e+00
8.390000e-01 1.123143e+00
8.400000e-01 1.122158e+00
8.410000e-01 1.121176e+00
8.420000e-01 1.120197e+00
8.430000e-01 1.119222e+00
8.440000e-01 1.118250e+00
8.450000e-01 1.117281e+00
8.460000e-01 1.116315e+00
8.470000e-01 1.115352e+00
8.480000e-01 1.114393e+00
8.490000e-01 1.113437e+00
8.500000e-01 1.112484e+00
8.510000e-01 1.111534e+00
8.520000e-01 1.110587e+00
8.530000e-01 1.109643e+00
8.540000e-01 1.108703e+00
8.550000e-01 1.107765e+00
8.560000e-01 1.106831e+00
8.570000e-01 1.105900e+00
8.580000e-01 1.104972e+00
8.590000e-01 1.104047e+00
8.600000e-01 1.103124e+00
8.610000e-01 1.102205e+00
8.620000e-01 1.101289e+00
8.630000e-01 1.100376e+00
8.640000e-01 1.099466e+00
8.650000e-01 1.098559e+00
8.660000e-01 1.097655e+00
8.670000e-01 1.096754e+00
8.680000e-01 1.095856e+00
8.690000e-01 1.094961e+00
8.700000e-01 1.094069e+00
8.710000e-01 1.093180e+00
8.720000e-01 1.092294e+00
8.730000e-01 1.091410e+00
8.740000e-01 1.090530e+00
8.750000e-01 1.089652e+00
8.760000e-01 1.088778e+00
8.770000e-01 1.087906e+00
8.780000e-01 1.087037e+00
8.790000e-01 1.086171e+00
8.800000e-01 1.085308e+00
8.810000e-01 1.084447e+00
8.820000e-01 1.083590e+00
8.830000e-01 1.082735e+00
8.840000e-01 1.081883e+00
8.850000e-01 1.081034e+00
8.860000e-01 1.080188e+00
8.870000e-01 1.079345e+00
8.880000e-01 1.078504e+00
8.890000e-01 1.077666e+00
8.900000e-01 1.076831e+00
8.910000e-01 1.075998e+00
8.920000e-01 1.075169e+00
8.930000e-01 1.074342e+00
8.940000e-01 1.073517e+00
8.950000e-01 1.072696e+00
8.960000e-01 1.071877e+00
8.970000e-01 1.071061e+00
8.980000e-01 1.070248e+00
8.990000e-01 1.069437e+00
9.000000e-01 1.068629e+00
9.010000e-01 1.067823e+00
9.020000e-01 1.067021e+00
9.030000e-01 1.066220e+00
9.040000e-01 1.065423e+00
9.050000e-01 1.064628e+00
9.060000e-01 1.063836e+00
9.070000e-01 1.063046e+00
9.080000e-01 1.062259e+00
9.090000e-01 1.061475e+00
9.100000e-01 1.060693e+00
9.110000e-01 1.059914e+00
9.120000e-01 1.059137e+00
9.130000e-01 1.058363e+00
9.140000e-01 1.057592e+00
9.150000e-01 1.056823e+00
9.160000e-01 1.056056e+00
9.170000e-01 1.055292e+00
9.180000e-01 1.054531e+00
9.190000e-01 1.053772e+00
9.200000e-01 1.053016e+00
9.210000e-01 1.052262e+00
9.220000e-01 1.051510e+00
9.230000e-01 1.050761e+00
9.240000e-01 1.050015e+00
9.250000e-01 1.049271e+00
9.260000e-01 1.048530e+00
9.270000e-01 1.047791e+00
9.280000e-01 1.047054e+00
9.290000e-01 1.046320e+00
9.300000e-01 1.045588e+00
9.310000e-01 1.044859e+00
9.320000e-01 1.044132e+00
9.330000e-01 1.043407e+00
9.340000e-01 1.042685e+00
9.350000e-01 1.041966e+00
9.360000e-01 1.041248e+00
9.370000e-01 1.040534e+00
9.380000e-01 1.039821e+00
9.390000e-01 1.039111e+00
9.400000e-01 1.038403e+00
9.410000e-01 1.037698e+00
9.420000e-01 1.036995e+00
9.430000e-01 1.036294e+00
9.440000e-01 1.035595e+00
9.450000e-01 1.034899e+00
9.460000e-01 1.034205e+00
9.470000e-01 1.033514e+00
9.480000e-01 1.032825e+00
9.490000e-01 1.032138e+00
9.500000e-01 1.031453e+00
9.510000e-01 1.030771e+00
9.520000e-01 1.030091e+00
9.530000e-01 1.029413e+00
9.540000e-01 1.028738e+00
9.550000e-01 1.028064e+00
9.560000e-01 1.027393e+00
9.570000e-01 1.026725e+00
9.580000e-01 1.026058e+00
9.590000e-01 1.025394e+00
9.600000e-01 1.024732e+00
9.610000e-01 1.024072e+00
9.620000e-01 1.023414e+00
9.630000e-01 1.022759e+00
9.640000e-01 1.022106e+00
9.650000e-01 1.021455e+00
9.660000e-01 1.020806e+00
9.670000e-01 1.020159e+00
9.680000e-01 1.019514e+00
9.690000e-01 1.018872e+00
9.700000e-01 1.018232e+00
9.710000e-01 1.017594e+00
9.720000e-01 1.016958e+00
9.730000e-01 1.016324e+00
9.740000e-01 1.015693e+00
9.750000e-01 1.015063e+00
9.760000e-01 1.014436e+00
9.770000e-01 1.013810e+00
9.780000e-01 1.013187e+00
9.790000e-01 1.012566e+00
9.800000e-01 1.011947e+00
9.810000e-01 1.011331e+00
9.820000e-01 1.010716e+00
9.830000e-01 1.010103e+00
9.840000e-01 1.009492e+00
9.850000e-01 1.008884e+00
9.860000e-01 1.008277e+00
9.870000e-01 1.007673e+00
9.880000e-01 1.007071e+00
9.890000e-01 1.006470e+00
9.900000e-01 1.005872e+00
9.910000e-01 1.005276e+00
9.920000e-01 1.004681e+00
9.930000e-01 1.004089e+00
9.940000e-01 1.003499e+00
9.950000e-01 1.002911e+00
9.960000e-01 1.002325e+00
9.970000e-01 1.001741e+00
9.980000e-01 1.001158e+00
9.990000e-01 1.000578e+00
1.000000e+00 1.000000e+00
1.001000e+00 9.994238e-01
1.002000e+00 9.988495e-01
1.003000e+00 9.982772e-01
1.004000e+00 9.977069e-01
1.005000e+00 9.971385e-01
1.006000e+00 9.965721e-01
1.007000e+00 9.960076e-01
1.008000e+00 9.954451e-01
1.009000e+00 9.948845e-01
1.010000e+00 9.943259e-01
1.011000e+00 9.937691e-01
1.012000e+00 9.932143e-01
1.013000e+00 9.926614e-01
1.014000e+00 9.921104e-01
1.015000e+00 9.915613e-01
1.016000e+00 9.910141e-01
1.017000e+00 9.904688e-01
1.018000e+00 9.899254e-01
1.019000e+00 9.893839e-01
1.020000e+00 9.888442e-01
1.021000e+00 9.883064e-01
1.022000e+00 9.877705e-01
1.023000e+00 9.872365e-01
1.024000e+00 9.867043e-01
1.025000e+00 9.861740e-01
1.026000e+00 9.856455e-01
1.027000e+00 9.851188e-01
1.028000e+00 9.845940e-01
1.029000e+00 9.840711e-01
1.030000e+00 9.835500e-01
1.031000e+00 9.830306e-01
1.032000e+00 9.825132e-01
1.033000e+00 9.819975e-01
1.034000e+00 9.814836e-01
1.035000e+00 9.809716e-01
1.036000e+00 9.804613e-01
1.037000e+00 9.799528e-01
1.038000e+00 9.794462e-01
1.039000e+00 9.789413e-01
1.040000e+00 9.784382e-01
1.041000e+00 9.779369e-01
1.042000e+00 9.774373e-01
1.043000e+00 9.769396e-01
1.044000e+00 9.764435e-01
1.045000e+00 9.759493e-01
1.046000e+00 9.754568e-01
1.047000e+00 9.749660e-01
1.048000e+00 9.744770e-01
1.049000e+00 9.739898e-01
1.050000e+00 9.735043e-01
1.051000e+00 9.730205e-01
1.052000e+00 9.725384e-01
1.053000e+00 9.720581e-01
1.054000e+00 9.715795e-01
1.055000e+00 9.711026e-01
1.056000e+00 9.706274e-01
1.057000e+00 9.701539e-01
1.058000e+00 9.696821e-01
1.059000e+00 9.692120e-01
1.060000e+00 9.687436e-01
1.061000e+00 9.682770e-01
1.062000e+00 9.678119e-01
1.063000e+00 9.673486e-01
1.064000e+00 9.668870e-01
1.065000e+00 9.664270e-01
1.066000e+00 9.659687e-01
1.067000e+00 9.655120e-01
1.068000e+00 9.650570e-01
1.069000e+00 9.646037e-01
1.070000e+00 9.641520e-01
1.071000e+00 9.637020e-01
1.072000e+00 9.632536e-01
1.073000e+00 9.628069e-01
1.074000e+00 9.623618e-01
1.075000e+00 9.619183e-01
1.076000e+00 9.614765e-01
1.077000e+00 9.610363e-01
1.078000e+00 9.605977e-01
1.079000e+00 9.601607e-01
1.080000e+00 9.597253e-01
1.081000e+00 9.592916e-01
1.082000e+00 9.588594e-01
1.083000e+00 9.584288e-01
1.084000e+00 9.579999e-01
1.085000e+00 9.575725e-01
1.086000e+00 9.571468e-01
1.087000e+00 9.567226e-01
1.088000e+00 9.563000e-01
1.089000e+00 9.558789e-01
1.090000e+00 9.554595e-01
1.091000e+00 9.550416e-01
1.092000e+00 9.546253e-01
1.093000e+00 9.542105e-01
1.094000e+00 9.537974e-01
1.095000e+00 9.533857e-01
1.096000e+00 9.529756e-01
1.097000e+00 9.525671e-01
1.098000e+00 9.521601e-01
1.099000e+00 9.517547e-01
1.100000e+00 9.513508e-01
1.101000e+00 9.509484e-01
1.102000e+00 9.505476e-01
1.103000e+00 9.501482e-01
1.104000e+00 9.497504e-01
1.105000e+00 9.493542e-01
1.106000e+00 9.489594e-01
1.107000e+00 9.485662e-01
1.108000e+00 9.481745e-01
1.109000e+00 9.477842e-01
1.110000e+00 9.473955e-01
1.111000e+00 9.470083e-01
1.112000e+00 9.466226e-01
1.113000e+00 9.462383e-01
1.114000e+00 9.458556e-01
1.115000e+00 9.454743e-01
1.116000e+00 9.450945e-01
1.117000e+00 9.447162e-01
1.118000e+00 9.443394e-01
1.119000e+00 9.439641e-01
1.120000e+00 9.435902e-01
1.121000e+00 9.432178e-01
1.122000e+00 9.428468e-01
1.123000e+00 9.424773e-01
1.124000e+00 9.421093e-01
1.125000e+00 9.417427e-01
1.126000e+00 9.413776e-01
1.127000e+00 9.410139e-01
1.128000e+00 9.406516e-01
1.129000e+00 9.402908e-01
1.130000e+00 9.399314e-01
1.131000e+00 9.395735e-01
1.132000e+00 9.392170e-01
1.133000e+00 9.388619e-01
1.134000e+00 9.385083e-01
1.135000e+00 9.381560e-01
1.136000e+00 9.378052e-01
1.137000e+00 9.374558e-01
1.138000e+00 9.371078e-01
1.139000e+00 9.367612e-01
1.140000e+00 9.364161e-01
1.141000e+00 9.360723e-01
1.142000e+00 9.357299e-01
1.143000e+00 9.353889e-01
1.144000e+00 9.350494e-01
1.145000e+00 9.347112e-01
1.146000e+00 9.343743e-01
1.147000e+00 9.340389e-01
1.148000e+00 9.337049e-01
1.149000e+00 9.333722e-01
1.150000e+00 9.330409e-01
1.151000e+00 9.327110e-01
1.152000e+00 9.323825e-01
1.153000e+00 9.320553e-01
1.154000e+00 9.317295e-01
1.155000e+00 9.314050e-01
1.156000e+00 9.310819e-01
1.157000e+00 9.307602e-01
1.158000e+00 9.304398e-01
1.159000e+00 9.301208e-01
1.160000e+00 9.298031e-01
1.161000e+00 9.294867e-01
1.162000e+00 9.291717e-01
1.163000e+00 9.288580e-01
1.164000e+00 9.285457e-01
1.165000e+00 9.282347e-01
1.166000e+00 9.279250e-01
1.167000e+00 9.276167e-01
1.168000e+00 9.273097e-01
1.169000e+00 9.270040e-01
1.170000e+00 9.266996e-01
1.171000e+00 9.263966e-01
1.172000e+00 9.260948e-01
1.173000e+00 9.257944e-01
1.174000e+00 9.254952e-01
1.175000e+00 9.251974e-01
1.176000e+00 9.249009e-01
1.177000e+00 9.246057e-01
1.178000e+00 9.243118e-01
1.179000e+00 9.240191e-01
1.180000e+00 9.237278e-01
1.181000e+00 9.234378e-01
1.182000e+00 9.231490e-01
1.183000e+00 9.228616e-01
1.184000e+00 9.225754e-01
1.185000e+00 9.222905e-01
1.186000e+00 9.220068e-01
1.187000e+00 9.217245e-01
1.188000e+00 9.214434e-01
1.189000e+00 9.211636e-01
1.190000e+00 9.208850e-01
1.191000e+00 9.206078e-01
1.192000e+00 9.203317e-01
1.193000e+00 9.200570e-01
1.194000e+00 9.197835e-01
1.195000e+00 9.195112e-01
1.196000e+00 9.192402e-01
1.197000e+00 9.189705e-01
1.198000e+00 9.187020e-01
1.199000e+00 9.184348e-01
1.200000e+00 9.181687e-01
1.201000e+00 9.179040e-01
1.202000e+00 9.176404e-01
1.203000e+00 9.173782e-01
1.204000e+00 9.171171e-01
1.205000e+00 9.168573e-01
1.206000e+00 9.165987e-01
1.207000e+00 9.163413e-01
1.208000e+00 9.160851e-01
1.209000e+00 9.158302e-01
1.210000e+00 9.155765e-01
1.211000e+00 9.153240e-01
1.212000e+00 9.150727e-01
1.213000e+00 9.148227e-01
1.214000e+00 9.145738e-01
1.215000e+00 9.143262e-01
1.216000e+00 9.140797e-01
1.217000e+00 9.138345e-01
1.218000e+00 9.135904e-01
1.219000e+00 9.133476e-01
1.220000e+00 9.131059e-01
1.221000e+00 9.128655e-01
1.222000e+00 9.126262e-01
1.223000e+00 9.123882e-01
1.224000e+00 9.121513e-01
1.225000e+00 9.119156e-01
1.226000e+00 9.116811e-01
1.227000e+00 9.114478e-01
1.228000e+00 9.112156e-01
1.229000e+00 9.109847e-01
1.230000e+00 9.107549e-01
1.231000e+00 9.105262e-01
1.232000e+00 9.102988e-01
1.233000e+00 9.100725e-01
1.234000e+00 9.098474e-01
1.235000e+00 9.096234e-01
1.236000e+00 9.094006e-01
1.237000e+00 9.091790e-01
1.238000e+00 9.089585e-01
1.239000e+00 9.087392e-01
1.240000e+00 9.085211e-01
1.241000e+00 9.083040e-01
1.242000e+00 9.080882e-01
1.243000e+00 9.078735e-01
1.244000e+00 9.076599e-01
1.245000e+00 9.074475e-01
1.246000e+00 9.072362e-01
1.247000e+00 9.070261e-01
1.248000e+00 9.068171e-01
1.249000e+00 9.066092e-01
1.250000e+00 9.064025e-01
1.251000e+00 9.061969e-01
1.252000e+00 9.059924e-01
1.253000e+00 9.057891e-01
1.254000e+00 9.055869e-01
1.255000e+00 9.053858e-01
1.256000e+00 9.051858e-01
1.257000e+00 9.049870e-01
1.258000e+00 9.047892e-01
1.259000e+00 9.045926e-01
1.260000e+00 9.043971e-01
1.261000e+00 9.042027e-01
1.262000e+00 9.040095e-01
1.263000e+00 9.038173e-01
1.264000e+00 9.036262e-01
1.265000e+00 9.034363e-01
1.266000e+00 9.032474e-01
1.267000e+00 9.030597e-01
1.268000e+00 9.028731e-01
1.269000e+00 9.026875e-01
1.270000e+00 9.025031e-01
1.271000e+00 9.023197e-01
1.272000e+00 9.021374e-01
1.273000e+00 9.019563e-01
1.274000e+00 9.017762e-01
1.275000e+00 9.015972e-01
1.276000e+00 9.014193e-01
1.277000e+00 9.012425e-01
1.278000e+00 9.010667e-01
1.279000e+00 9.008921e-01
1.280000e+00 9.007185e-01
1.281000e+00 9.005460e-01
1.282000e+00 9.003745e-01
1.283000e+00 9.002042e-01
1.284000e+00 9.000349e-01
1.285000e+00 8.998667e-01
1.286000e+00 8.996995e-01
1.287000e+00 8.995334e-01
1.288000e+00 8.993684e-01
1.289000e+00 8.992045e-01
1.290000e+00 8.990416e-01
1.291000e+00 8.988798e-01
1.292000e+00 8.987190e-01
1.293000e+00 8.985593e-01
1.294000e+00 8.984006e-01
1.295000e+00 8.982430e-01
1.296000e+00 8.980864e-01
1.297000e+00 8.979309e-01
1.298000e+00 8.977765e-01
1.299000e+00 8.976231e-01
1.300000e+00 8.974707e-01
1.301000e+00 8.973194e-01
1.302000e+00 8.971691e-01
1.303000e+00 8.970199e-01
1.304000e+00 8.968717e-01
1.305000e+00 8.967245e-01
1.306000e+00 8.965784e-01
1.307000e+00 8.964333e-01
1.308000e+00 8.962892e-01
1.309000e+00 8.961462e-01
1.310000e+00 8.960042e-01
1.311000e+00 8.958632e-01
1.312000e+00 8.957233e-01
1.313000e+00 8.955843e-01
1.314000e+00 8.954464e-01
1.315000e+00 8.953096e-01
1.316000e+00 8.951737e-01
1.317000e+00 8.950389e-01
1.318000e+00 8.949051e-01
1.319000e+00 8.947723e-01
1.320000e+00 8.946405e-01
1.321000e+00 8.945097e-01
1.322000e+00 8.943799e-01
1.323000e+00 8.942512e-01
1.324000e+00 8.941234e-01
1.325000e+00 8.939967e-01
1.326000e+00 8.938710e-01
1.327000e+00 8.937462e-01
1.328000e+00 8.936225e-01
1.329000e+00 8.934998e-01
1.330000e+00 8.933781e-01
1.331000e+00 8.932573e-01
1.332000e+00 8.931376e-01
1.333000e+00 8.930189e-01
1.334000e+00 8.929011e-01
1.335000e+00 8.927844e-01
1.336000e+00 8.926686e-01
1.337000e+00 8.925539e-01
1.338000e+00 8.924401e-01
1.339000e+00 8.923273e-01
1.340000e+00 8.922155e-01
1.341000e+00 8.921047e-01
1.342000e+00 8.919949e-01
1.343000e+00 8.918860e-01
1.344000e+00 8.917781e-01
1.345000e+00 8.916712e-01
1.346000e+00 8.915653e-01
1.347000e+00 8.914604e-01
1.348000e+00 8.913564e-01
1.349000e+00 8.912535e-01
1.350000e+00 8.911514e-01
1.351000e+00 8.910504e-01
1.352000e+00 8.909503e-01
1.353000e+00 8.908512e-01
1.354000e+00 8.907531e-01
1.355000e+00 8.906559e-01
1.356000e+00 8.905597e-01
1.357000e+00 8.904645e-01
1.358000e+00 8.903702e-01
1.359000e+00 8.902769e-01
1.360000e+00 8.901845e-01
1.361000e+00 8.900931e-01
1.362000e+00 8.900027e-01
1.363000e+00 8.899132e-01
1.364000e+00 8.898247e-01
1.365000e+00 8.897371e-01
1.366000e+00 8.896505e-01
1.367000e+00 8.895648e-01
1.368000e+00 8.894801e-01
1.369000e+00 8.893963e-01
1.370000e+00 8.893135e-01
1.371000e+00 8.892316e-01
1.372000e+00 8.891507e-01
1.373000e+00 8.890707e-01
1.374000e+00 8.889917e-01
1.375000e+00 8.889136e-01
1.376000e+00 8.888364e-01
1.377000e+00 8.887602e-01
1.378000e+00 8.886849e-01
1.379000e+00 8.886106e-01
1.380000e+00 8.885371e-01
1.381000e+00 8.884647e-01
1.382000e+00 8.883931e-01
1.383000e+00 8.883225e-01
1.384000e+00 8.882529e-01
1.385000e+00 8.881841e-01
1.386000e+00 8.881163e-01
1.387000e+00 8.880494e-01
1.388000e+00 8.879834e-01
1.389000e+00 8.879184e-01
1.390000e+00 8.878543e-01
1.391000e+00 8.877911e-01
1.392000e+00 8.877288e-01
1.393000e+00 8.876675e-01
1.394000e+00 8.876071e-01
1.395000e+00 8.875476e-01
1.396000e+00 8.874890e-01
1.397000e+00 8.874313e-01
1.398000e+00 8.873746e-01
1.399000e+00 8.873187e-01
1.400000e+00 8.872638e-01
1.401000e+00 8.872098e-01
1.402000e+00 8.871567e-01
1.403000e+00 8.871045e-01
1.404000e+00 8.870533e-01
1.405000e+00 8.870029e-01
1.406000e+00 8.869534e-01
1.407000e+00 8.869049e-01
1.408000e+00 8.868572e-01
1.409000e+00 8.868105e-01
1.410000e+00 8.867647e-01
1.411000e+00 8.867197e-01
1.412000e+00 8.866757e-01
1.413000e+00 8.866326e-01
1.414000e+00 8.865903e-01
1.415000e+00 8.865490e-01
1.416000e+00 8.865086e-01
1.417000e+00 8.864690e-01
1.418000e+00 8.864304e-01
1.419000e+00 8.863926e-01
1.420000e+00 8.863558e-01
1.421000e+00 8.863198e-01
1.422000e+00 8.862848e-01
1.423000e+00 8.862506e-01
1.424000e+00 8.862173e-01
1.425000e+00 8.861849e-01
1.426000e+00 8.861534e-01
1.427000e+00 8.861228e-01
1.428000e+00 8.860930e-01
1.429000e+00 8.860642e-01
1.430000e+00 8.860362e-01
1.431000e+00 8.860092e-01
1.432000e+00 8.859830e-01
1.433000e+00 8.859576e-01
1.434000e+00 8.859332e-01
1.435000e+00 8.859097e-01
1.436000e+00 8.858870e-01
1.437000e+00 8.858652e-01
1.438000e+00 8.858443e-01
1.439000e+00 8.858242e-01
1.440000e+00 8.858051e-01
1.441000e+00 8.857868e-01
1.442000e+00 8.857694e-01
1.443000e+00 8.857528e-01
1.444000e+00 8.857371e-01
1.445000e+00 8.857223e-01
1.446000e+00 8.857084e-01
1.447000e+00 8.856954e-01
1.448000e+00 8.856832e-01
1.449000e+00 8.856718e-01
1.450000e+00 8.856614e-01
1.451000e+00 8.856518e-01
1.452000e+00 8.856431e-01
1.453000e+00 8.856352e-01
1.454000e+00 8.856282e-01
1.455000e+00 8.856221e-01
1.456000e+00 8.856168e-01
1.457000e+00 8.856124e-01
1.458000e+00 8.856089e-01
1.459000e+00 8.856062e-01
1.460000e+00 8.856043e-01
1.461000e+00 8.856034e-01
1.462000e+00 8.856033e-01
1.463000e+00 8.856040e-01
1.464000e+00 8.856056e-01
1.465000e+00 8.856080e-01
1.466000e+00 8.856114e-01
1.467000e+00 8.856155e-01
1.468000e+00 8.856205e-01
1.469000e+00 8.856264e-01
1.470000e+00 8.856331e-01
1.471000e+00 8.856407e-01
1.472000e+00 8.856491e-01
1.473000e+00 8.856584e-01
1.474000e+00 8.856685e-01
1.475000e+00 8.856795e-01
1.476000e+00 8.856913e-01
1.477000e+00 8.857039e-01
1.478000e+00 8.857174e-01
1.479000e+00 8.857318e-01
1.480000e+00 8.857470e-01
1.481000e+00 8.857630e-01
1.482000e+00 8.857799e-01
1.483000e+00 8.857976e-01
1.484000e+00 8.858162e-01
1.485000e+00 8.858356e-01
1.486000e+00 8.858558e-01
1.487000e+00 8.858769e-01
1.488000e+00 8.858988e-01
1.489000e+00 8.859215e-01
1.490000e+00 8.859451e-01
1.491000e+00 8.859696e-01
1.492000e+00 8.859948e-01
1.493000e+00 8.860209e-01
1.494000e+00 8.860479e-01
1.495000e+00 8.860756e-01
1.496000e+00 8.861042e-01
1.497000e+00 8.861336e-01
1.498000e+00 8.861639e-01
1.499000e+00 8.861950e-01
1.500000e+00 8.862269e-01
1.501000e+00 8.862597e-01
1.502000e+00 8.862933e-01
1.503000e+00 8.863277e-01
1.504000e+00 8.863629e-01
1.505000e+00 8.863990e-01
1.506000e+00 8.864359e-01
1.507000e+00 8.864736e-01
1.508000e+00 8.865121e-01
1.509000e+00 8.865515e-01
1.510000e+00 8.865917e-01
1.511000e+00 8.866327e-01
1.512000e+00 8.866745e-01
1.513000e+00 8.867172e-01
1.514000e+00 8.867607e-01
1.515000e+00 8.868050e-01
1.516000e+00 8.868501e-01
1.517000e+00 8.868960e-01
1.518000e+00 8.869428e-01
1.519000e+00 8.869904e-01
1.520000e+00 8.870388e-01
1.521000e+00 8.870880e-01
1.522000e+00 8.871380e-01
1.523000e+00 8.871889e-01
1.524000e+00 8.872405e-01
1.525000e+00 8.872930e-01
1.526000e+00 8.873463e-01
1.527000e+00 8.874004e-01
1.528000e+00 8.874553e-01
1.529000e+00 8.875111e-01
1.530000e+00 8.875676e-01
1.531000e+00 8.876250e-01
1.532000e+00 8.876832e-01
1.533000e+00 8.877421e-01
1.534000e+00 8.878019e-01
1.535000e+00 8.878625e-01
1.536000e+00 8.879239e-01
1.537000e+00 8.879862e-01
1.538000e+00 8.880492e-01
1.539000e+00 8.881130e-01
1.540000e+00 8.881777e-01
1.541000e+00 8.882431e-01
1.542000e+00 8.883094e-01
1.543000e+00 8.883764e-01
1.544000e+00 8.884443e-01
1.545000e+00 8.885130e-01
1.546000e+00 8.885824e-01
1.547000e+00 8.886527e-01
1.548000e+00 8.887238e-01
1.549000e+00 8.887957e-01
1.550000e+00 8.888683e-01
1.551000e+00 8.889418e-01
1.552000e+00 8.890161e-01
1.553000e+00 8.890912e-01
1.554000e+00 8.891671e-01
1.555000e+00 8.892438e-01
1.556000e+00 8.893213e-01
1.557000e+00 8.893996e-01
1.558000e+00 8.894786e-01
1.559000e+00 8.895585e-01
1.560000e+00 8.896392e-01
1.561000e+00 8.897207e-01
1.562000e+00 8.898029e-01
1.563000e+00 8.898860e-01
1.564000e+00 8.899699e-01
1.565000e+00 8.900545e-01
1.566000e+00 8.901400e-01
1.567000e+00 8.902262e-01
1.568000e+00 8.903133e-01
1.569000e+00 8.904011e-01
1.570000e+00 8.904897e-01
1.571000e+00 8.905792e-01
1.572000e+00 8.906694e-01
1.573000e+00 8.907604e-01
1.574000e+00 8.908522e-01
1.575000e+00 8.909448e-01
1.576000e+00 8.910381e-01
1.577000e+00 8.911323e-01
1.578000e+00 8.912273e-01
1.579000e+00 8.913230e-01
1.580000e+00 8.914196e-01
1.581000e+00 8.915169e-01
1.582000e+00 8.916150e-01
1.583000e+00 8.917139e-01
1.584000e+00 8.918136e-01
1.585000e+00 8.919141e-01
1.586000e+00 8.920153e-01
1.587000e+00 8.921174e-01
1.588000e+00 8.922202e-01
1.589000e+00 8.923238e-01
1.590000e+00 8.924282e-01
1.591000e+00 8.925334e-01
1.592000e+00 8.926394e-01
1.593000e+00 8.927461e-01
1.594000e+00 8.928537e-01
1.595000e+00 8.929620e-01
1.596000e+00 8.930711e-01
1.597000e+00 8.931810e-01
1.598000e+00 8.932917e-01
1.599000e+00 8.934031e-01
1.600000e+00 8.935153e-01
1.601000e+00 8.936284e-01
1.602000e+00 8.937422e-01
1.603000e+00 8.938567e-01
1.604000e+00 8.939721e-01
1.605000e+00 8.940882e-01
1.606000e+00 8.942052e-01
1.607000e+00 8.943228e-01
1.608000e+00 8.944413e-01
1.609000e+00 8.945606e-01
1.610000e+00 8.946806e-01
1.611000e+00 8.948014e-01
1.612000e+00 8.949230e-01
1.613000e+00 8.950454e-01
1.614000e+00 8.951685e-01
1.615000e+00 8.952924e-01
1.616000e+00 8.954171e-01
1.617000e+00 8.955426e-01
1.618000e+00 8.956688e-01
1.619000e+00 8.957959e-01
1.620000e+00 8.959237e-01
1.621000e+00 8.960522e-01
1.622000e+00 8.961816e-01
1.623000e+00 8.963117e-01
1.624000e+00 8.964426e-01
1.625000e+00 8.965743e-01
1.626000e+00 8.967067e-01
1.627000e+00 8.968399e-01
1.628000e+00 8.969739e-01
1.629000e+00 8.971087e-01
1.630000e+00 8.972442e-01
1.631000e+00 8.973805e-01
1.632000e+00 8.975176e-01
1.633000e+00 8.976555e-01
1.634000e+00 8.977941e-01
1.635000e+00 8.979335e-01
1.636000e+00 8.980737e-01
1.637000e+00 8.982146e-01
1.638000e+00 8.983563e-01
1.639000e+00 8.984988e-01
1.640000e+00 8.986420e-01
1.641000e+00 8.987860e-01
1.642000e+00 8.989308e-01
1.643000e+00 8.990764e-01
1.644000e+00 8.992227e-01
1.645000e+00 8.993698e-01
1.646000e+00 8.995177e-01
1.647000e+00 8.996663e-01
1.648000e+00 8.998157e-01
1.649000e+00 8.999659e-01
1.650000e+00 9.001168e-01
1.651000e+00 9.002685e-01
1.652000e+00 9.004210e-01
1.653000e+00 9.005742e-01
1.654000e+00 9.007282e-01
1.655000e+00 9.008830e-01
1.656000e+00 9.010386e-01
1.657000e+00 9.011949e-01
1.658000e+00 9.013519e-01
1.659000e+00 9.015098e-01
1.660000e+00 9.016684e-01
1.661000e+00 9.018277e-01
1.662000e+00 9.019879e-01
1.663000e+00 9.021488e-01
1.664000e+00 9.023104e-01
1.665000e+00 9.024729e-01
1.666000e+00 9.026361e-01
1.667000e+00 9.028000e-01
1.668000e+00 9.029648e-01
1.669000e+00 9.031302e-01
1.670000e+00 9.032965e-01
1.671000e+00 9.034635e-01
1.672000e+00 9.036313e-01
1.673000e+00 9.037998e-01
1.674000e+00 9.039692e-01
1.675000e+00 9.041392e-01
1.676000e+00 9.043101e-01
1.677000e+00 9.044817e-01
1.678000e+00 9.046540e-01
1.679000e+00 9.048271e-01
1.680000e+00 9.050010e-01
1.681000e+00 9.051757e-01
1.682000e+00 9.053511e-01
1.683000e+00 9.055273e-01
1.684000e+00 9.057042e-01
1.685000e+00 9.058819e-01
1.686000e+00 9.060604e-01
1.687000e+00 9.062396e-01
1.688000e+00 9.064196e-01
1.689000e+00 9.066003e-01
1.690000e+00 9.067818e-01
1.691000e+00 9.069641e-01
1.692000e+00 9.071471e-01
1.693000e+00 9.073309e-01
1.694000e+00 9.075155e-01
1.695000e+00 9.077008e-01
1.696000e+00 9.078868e-01
1.697000e+00 9.080737e-01
1.698000e+00 9.082613e-01
1.699000e+00 9.084496e-01
1.700000e+00 9.086387e-01
1.701000e+00 9.088286e-01
1.702000e+00 9.090192e-01
1.703000e+00 9.092106e-01
1.704000e+00 9.094028e-01
1.705000e+00 9.095957e-01
1.706000e+00 9.097894e-01
1.707000e+00 9.099838e-01
1.708000e+00 9.101790e-01
1.709000e+00 9.103750e-01
1.710000e+00 9.105717e-01
1.711000e+00 9.107692e-01
1.712000e+00 9.109674e-01
1.713000e+00 9.111664e-01
1.714000e+00 9.113661e-01
1.715000e+00 9.115666e-01
1.716000e+00 9.117679e-01
1.717000e+00 9.119699e-01
1.718000e+00 9.121727e-01
1.719000e+00 9.123763e-01
1.720000e+00 9.125806e-01
1.721000e+00 9.127856e-01
1.722000e+00 9.129915e-01
1.723000e+00 9.131980e-01
1.724000e+00 9.134054e-01
1.725000e+00 9.136135e-01
1.726000e+00 9.138223e-01
1.727000e+00 9.140320e-01
1.728000e+00 9.142423e-01
1.729000e+00 9.144535e-01
1.730000e+00 9.146654e-01
1.731000e+00 9.148780e-01
1.732000e+00 9.150914e-01
1.733000e+00 9.153056e-01
1.734000e+00 9.155205e-01
1.735000e+00 9.157362e-01
1.736000e+00 9.159527e-01
1.737000e+00 9.161699e-01
1.738000e+00 9.163878e-01
1.739000e+00 9.166065e-01
1.740000e+00 9.168260e-01
1.741000e+00 9.170463e-01
1.742000e+00 9.172673e-01
1.743000e+00 9.174890e-01
1.744000e+00 9.177115e-01
1.745000e+00 9.179348e-01
1.746000e+00 9.181588e-01
1.747000e+00 9.183836e-01
1.748000e+00 9.186092e-01
1.749000e+00 9.188355e-01
1.750000e+00 9.190625e-01
1.751000e+00 9.192903e-01
1.752000e+00 9.195189e-01
1.753000e+00 9.197483e-01
1.754000e+00 9.199784e-01
1.755000e+00 9.202092e-01
1.756000e+00 9.204408e-01
1.757000e+00 9.206732e-01
1.758000e+00 9.209063e-01
1.759000e+00 9.211402e-01
1.760000e+00 9.213749e-01
1.761000e+00 9.216103e-01
1.762000e+00 9.218465e-01
1.763000e+00 9.220834e-01
1.764000e+00 9.223211e-01
1.765000e+00 9.225595e-01
1.766000e+00 9.227987e-01
1.767000e+00 9.230387e-01
1.768000e+00 9.232794e-01
1.769000e+00 9.235209e-01
1.770000e+00 9.237631e-01
1.771000e+00 9.240061e-01
1.772000e+00 9.242499e-01
1.773000e+00 9.244944e-01
1.774000e+00 9.247397e-01
1.775000e+00 9.249857e-01
1.776000e+00 9.252325e-01
1.777000e+00 9.254801e-01
1.778000e+00 9.257284e-01
1.779000e+00 9.259775e-01
1.780000e+00 9.262273e-01
1.781000e+00 9.264779e-01
1.782000e+00 9.267293e-01
1.783000e+00 9.269814e-01
1.784000e+00 9.272343e-01
1.785000e+00 9.274879e-01
1.786000e+00 9.277423e-01
1.787000e+00 9.279974e-01
1.788000e+00 9.282534e-01
1.789000e+00 9.285100e-01
1.790000e+00 9.287675e-01
1.791000e+00 9.290257e-01
1.792000e+00 9.292847e-01
1.793000e+00 9.295444e-01
1.794000e+00 9.298049e-01
1.795000e+00 9.300661e-01
1.796000e+00 9.303281e-01
1.797000e+00 9.305909e-01
1.798000e+00 9.308544e-01
1.799000e+00 9.311187e-01
1.800000e+00 9.313838e-01
1.801000e+00 9.316496e-01
1.802000e+00 9.319162e-01
1.803000e+00 9.321835e-01
1.804000e+00 9.324516e-01
1.805000e+00 9.327205e-01
1.806000e+00 9.329901e-01
1.807000e+00 9.332605e-01
1.808000e+00 9.335317e-01
1.809000e+00 9.338036e-01
1.810000e+00 9.340763e-01
1.811000e+00 9.343497e-01
1.812000e+00 9.346239e-01
1.813000e+00 9.348989e-01
1.814000e+00 9.351746e-01
1.815000e+00 9.354511e-01
1.816000e+00 9.357284e-01
1.817000e+00 9.360064e-01
1.818000e+00 9.362852e-01
1.819000e+00 9.365648e-01
1.820000e+00 9.368451e-01
1.821000e+00 9.371262e-01
1.822000e+00 9.374080e-01
1.823000e+00 9.376906e-01
1.824000e+00 9.379740e-01
1.825000e+00 9.382582e-01
1.826000e+00 9.385431e-01
1.827000e+00 9.388288e-01
1.828000e+00 9.391152e-01
1.829000e+00 9.394024e-01
1.830000e+00 9.396904e-01
1.831000e+00 9.399791e-01
1.832000e+00 9.402687e-01
1.833000e+00 9.405589e-01
1.834000e+00 9.408500e-01
1.835000e+00 9.411418e-01
1.836000e+00 9.414344e-01
1.837000e+00 9.417277e-01
1.838000e+00 9.420218e-01
1.839000e+00 9.423167e-01
1.840000e+00 9.426124e-01
1.841000e+00 9.429088e-01
1.842000e+00 9.432060e-01
1.843000e+00 9.435039e-01
1.844000e+00 9.438027e-01
1.845000e+00 9.441022e-01
1.846000e+00 9.444024e-01
1.847000e+00 9.447035e-01
1.848000e+00 9.450053e-01
1.849000e+00 9.453078e-01
1.850000e+00 9.456112e-01
1.851000e+00 9.459153e-01
1.852000e+00 9.462202e-01
1.853000e+00 9.465258e-01
1.854000e+00 9.468323e-01
1.855000e+00 9.471395e-01
1.856000e+00 9.474474e-01
1.857000e+00 9.477562e-01
1.858000e+00 9.480657e-01
1.859000e+00 9.483760e-01
1.860000e+00 9.486870e-01
1.861000e+00 9.489989e-01
1.862000e+00 9.493115e-01
1.863000e+00 9.496249e-01
1.864000e+00 9.499390e-01
1.865000e+00 9.502539e-01
1.866000e+00 9.505696e-01
1.867000e+00 9.508861e-01
1.868000e+00 9.512034e-01
1.869000e+00 9.515214e-01
1.870000e+00 9.518402e-01
1.871000e+00 9.521598e-01
1.872000e+00 9.524801e-01
1.873000e+00 9.528012e-01
1.874000e+00 9.531231e-01
1.875000e+00 9.534458e-01
1.876000e+00 9.537693e-01
1.877000e+00 9.540935e-01
1.878000e+00 9.544185e-01
1.879000e+00 9.547443e-01
1.880000e+00 9.550709e-01
1.881000e+00 9.553982e-01
1.882000e+00 9.557263e-01
1.883000e+00 9.560552e-01
1.884000e+00 9.563849e-01
1.885000e+00 9.567153e-01
1.886000e+00 9.570466e-01
1.887000e+00 9.573786e-01
1.888000e+00 9.577114e-01
1.889000e+00 9.580450e-01
1.890000e+00 9.583793e-01
1.891000e+00 9.587144e-01
1.892000e+00 9.590504e-01
1.893000e+00 9.593871e-01
1.894000e+00 9.597245e-01
1.895000e+00 9.600628e-01
1.896000e+00 9.604018e-01
1.897000e+00 9.607417e-01
1.898000e+00 9.610823e-01
1.899000e+00 9.614237e-01
1.900000e+00 9.617658e-01
1.901000e+00 9.621088e-01
1.902000e+00 9.624525e-01
1.903000e+00 9.627971e-01
1.904000e+00 9.631424e-01
1.905000e+00 9.634885e-01
1.906000e+00 9.638353e-01
1.907000e+00 9.641830e-01
1.908000e+00 9.645315e-01
1.909000e+00 9.648807e-01
1.910000e+00 9.652307e-01
1.911000e+00 9.655815e-01
1.912000e+00 9.659331e-01
1.913000e+00 9.662855e-01
1.914000e+00 9.666387e-01
1.915000e+00 9.669927e-01
1.916000e+00 9.673474e-01
1.917000e+00 9.677030e-01
1.918000e+00 9.680593e-01
1.919000e+00 9.684164e-01
1.920000e+00 9.687743e-01
1.921000e+00 9.691330e-01
1.922000e+00 9.694925e-01
1.923000e+00 9.698528e-01
1.924000e+00 9.702139e-01
1.925000e+00 9.705757e-01
1.926000e+00 9.709384e-01
1.927000e+00 9.713018e-01
1.928000e+00 9.716661e-01
1.929000e+00 9.720311e-01
1.930000e+00 9.723969e-01
1.931000e+00 9.727635e-01
1.932000e+00 9.731310e-01
1.933000e+00 9.734992e-01
1.934000e+00 9.738682e-01
1.935000e+00 9.742380e-01
1.936000e+00 9.746086e-01
1.937000e+00 9.749800e-01
1.938000e+00 9.753521e-01
1.939000e+00 9.757251e-01
1.940000e+00 9.760989e-01
1.941000e+00 9.764735e-01
1.942000e+00 9.768489e-01
1.943000e+00 9.772250e-01
1.944000e+00 9.776020e-01
1.945000e+00 9.779798e-01
1.946000e+00 9.783584e-01
1.947000e+00 9.787377e-01
1.948000e+00 9.791179e-01
1.949000e+00 9.794989e-01
1.950000e+00 9.798807e-01
1.951000e+00 9.802632e-01
1.952000e+00 9.806466e-01
1.953000e+00 9.810308e-01
1.954000e+00 9.814158e-01
1.955000e+00 9.818016e-01
1.956000e+00 9.821881e-01
1.957000e+00 9.825755e-01
1.958000e+00 9.829637e-01
1.959000e+00 9.833527e-01
1.960000e+00 9.837425e-01
1.961000e+00 9.841332e-01
1.962000e+00 9.845246e-01
1.963000e+00 9.849168e-01
1.964000e+00 9.853098e-01
1.965000e+00 9.857037e-01
1.966000e+00 9.860983e-01
1.967000e+00 9.864938e-01
1.968000e+00 9.868900e-01
1.969000e+00 9.872871e-01
1.970000e+00 9.876850e-01
1.971000e+00 9.880837e-01
1.972000e+00 9.884832e-01
1.973000e+00 9.888835e-01
1.974000e+00 9.892846e-01
1.975000e+00 9.896865e-01
1.976000e+00 9.900893e-01
1.977000e+00 9.904929e-01
1.978000e+00 9.908972e-01
1.979000e+00 9.913024e-01
1.980000e+00 9.917084e-01
1.981000e+00 9.921152e-01
1.982000e+00 9.925229e-01
1.983000e+00 9.929313e-01
1.984000e+00 9.933406e-01
1.985000e+00 9.937506e-01
1.986000e+00 9.941615e-01
1.987000e+00 9.945732e-01
1.988000e+00 9.949858e-01
1.989000e+00 9.953991e-01
1.990000e+00 9.958133e-01
1.991000e+00 9.962282e-01
1.992000e+00 9.966440e-01
1.993000e+00 9.970607e-01
1.994000e+00 9.974781e-01
1.995000e+00 9.978964e-01
1.996000e+00 9.983154e-01
1.997000e+00 9.987354e-01
1.998000e+00 9.991561e-01
1.999000e+00 9.995776e-01
2.000000e+00 1.000000e+00
2.001000e+00 1.000423e+00
2.002000e+00 1.000847e+00
2.003000e+00 1.001272e+00
2.004000e+00 1.001698e+00
2.005000e+00 1.002124e+00
2.006000e+00 1.002552e+00
2.007000e+00 1.002980e+00
2.008000e+00 1.003409e+00
2.009000e+00 1.003838e+00
2.010000e+00 1.004269e+00
2.011000e+00 1.004701e+00
2.012000e+00 1.005133e+00
2.013000e+00 1.005566e+00
2.014000e+00 1.006000e+00
2.015000e+00 1.006435e+00
2.016000e+00 1.006870e+00
2.017000e+00 1.007307e+00
2.018000e+00 1.007744e+00
2.019000e+00 1.008182e+00
2.020000e+00 1.008621e+00
2.021000e+00 1.009061e+00
2.022000e+00 1.009501e+00
2.023000e+00 1.009943e+00
2.024000e+00 1.010385e+00
2.025000e+00 1.010828e+00
2.026000e+00 1.011272e+00
2.027000e+00 1.011717e+00
2.028000e+00 1.012163e+00
2.029000e+00 1.012609e+00
2.030000e+00 1.013056e+00
2.031000e+00 1.013505e+00
2.032000e+00 1.013954e+00
2.033000e+00 1.014403e+00
2.034000e+00 1.014854e+00
2.035000e+00 1.015306e+00
2.036000e+00 1.015758e+00
2.037000e+00 1.016211e+00
2.038000e+00 1.016665e+00
2.039000e+00 1.017120e+00
2.040000e+00 1.017576e+00
2.041000e+00 1.018032e+00
2.042000e+00 1.018490e+00
2.043000e+00 1.018948e+00
2.044000e+00 1.019407e+00
2.045000e+00 1.019867e+00
2.046000e+00 1.020328e+00
2.047000e+00 1.020789e+00
2.048000e+00 1.021252e+00
2.049000e+00 1.021715e+00
2.050000e+00 1.022179e+00
2.051000e+00 1.022645e+00
2.052000e+00 1.023110e+00
2.053000e+00 1.023577e+00
2.054000e+00 1.024045e+00
2.055000e+00 1.024513e+00
2.056000e+00 1.024983e+00
2.057000e+00 1.025453e+00
2.058000e+00 1.025924e+00
2.059000e+00 1.026396e+00
2.060000e+00 1.026868e+00
2.061000e+00 1.027342e+00
2.062000e+00 1.027816e+00
2.063000e+00 1.028292e+00
2.064000e+00 1.028768e+00
2.065000e+00 1.029245e+00
2.066000e+00 1.029723e+00
2.067000e+00 1.030201e+00
2.068000e+00 1.030681e+00
2.069000e+00 1.031161e+00
2.070000e+00 1.031643e+00
2.071000e+00 1.032125e+00
2.072000e+00 1.032608e+00
2.073000e+00 1.033092e+00
2.074000e+00 1.033577e+00
2.075000e+00 1.034062e+00
2.076000e+00 1.034549e+00
2.077000e+00 1.035036e+00
2.078000e+00 1.035524e+00
2.079000e+00 1.036013e+00
2.080000e+00 1.036503e+00
2.081000e+00 1.036994e+00
2.082000e+00 1.037486e+00
2.083000e+00 1.037978e+00
2.084000e+00 1.038472e+00
2.085000e+00 1.038966e+00
2.086000e+00 1.039461e+00
2.087000e+00 1.039957e+00
2.088000e+00 1.040454e+00
2.089000e+00 1.040952e+00
2.090000e+00 1.041451e+00
2.091000e+00 1.041950e+00
2.092000e+00 1.042451e+00
2.093000e+00 1.042952e+00
2.094000e+00 1.043454e+00
2.095000e+00 1.043957e+00
2.096000e+00 1.044461e+00
2.097000e+00 1.044966e+00
2.098000e+00 1.045472e+00
2.099000e+00 1.045978e+00
2.100000e+00 1.046486e+00
2.101000e+00 1.046994e+00
2.102000e+00 1.047503e+00
2.103000e+00 1.048014e+00
2.104000e+00 1.048524e+00
2.105000e+00 1.049036e+00
2.106000e+00 1.049549e+00
2.107000e+00 1.050063e+00
2.108000e+00 1.050577e+00
2.109000e+00 1.051093e+00
2.110000e+00 1.051609e+00
2.111000e+00 1.052126e+00
2.112000e+00 1.052644e+00
2.113000e+00 1.053163e+00
2.114000e+00 1.053683e+00
2.115000e+00 1.054204e+00
2.116000e+00 1.054726e+00
2.117000e+00 1.055248e+00
2.118000e+00 1.055771e+00
2.119000e+00 1.056296e+00
2.120000e+00 1.056821e+00
2.121000e+00 1.057347e+00
2.122000e+00 1.057874e+00
2.123000e+00 1.058402e+00
2.124000e+00 1.058931e+00
2.125000e+00 1.059461e+00
2.126000e+00 1.059991e+00
2.127000e+00 1.060523e+00
2.128000e+00 1.061055e+00
2.129000e+00 1.061588e+00
2.130000e+00 1.062123e+00
2.131000e+00 1.062658e+00
2.132000e+00 1.063194e+00
2.133000e+00 1.063731e+00
2.134000e+00 1.064268e+00
2.135000e+00 1.064807e+00
2.136000e+00 1.065347e+00
2.137000e+00 1.065887e+00
2.138000e+00 1.066429e+00
2.139000e+00 1.066971e+00
2.140000e+00 1.067514e+00
2.141000e+00 1.068058e+00
2.142000e+00 1.068604e+00
2.143000e+00 1.069150e+00
2.144000e+00 1.069696e+00
2.145000e+00 1.070244e+00
2.146000e+00 1.070793e+00
2.147000e+00 1.071343e+00
2.148000e+00 1.071893e+00
2.149000e+00 1.072445e+00
2.150000e+00 1.072997e+00
2.151000e+00 1.073550e+00
2.152000e+00 1.074105e+00
2.153000e+00 1.074660e+00
2.154000e+00 1.075216e+00
2.155000e+00 1.075773e+00
2.156000e+00 1.076331e+00
2.157000e+00 1.076890e+00
2.158000e+00 1.077449e+00
2.159000e+00 1.078010e+00
2.160000e+00 1.078572e+00
2.161000e+00 1.079134e+00
2.162000e+00 1.079698e+00
2.163000e+00 1.080262e+00
2.164000e+00 1.080827e+00
2.165000e+00 1.081393e+00
2.166000e+00 1.081961e+00
2.167000e+00 1.082529e+00
2.168000e+00 1.083098e+00
2.169000e+00 1.083668e+00
2.170000e+00 1.084239e+00
2.171000e+00 1.084810e+00
2.172000e+00 1.085383e+00
2.173000e+00 1.085957e+00
2.174000e+00 1.086531e+00
2.175000e+00 1.087107e+00
2.176000e+00 1.087683e+00
2.177000e+00 1.088261e+00
2.178000e+00 1.088839e+00
2.179000e+00 1.089419e+00
2.180000e+00 1.089999e+00
2.181000e+00 1.090580e+00
2.182000e+00 1.091162e+00
2.183000e+00 1.091745e+00
2.184000e+00 1.092329e+00
2.185000e+00 1.092914e+00
2.186000e+00 1.093500e+00
2.187000e+00 1.094087e+00
2.188000e+00 1.094675e+00
2.189000e+00 1.095263e+00
2.190000e+00 1.095853e+00
2.191000e+00 1.096444e+00
2.192000e+00 1.097035e+00
2.193000e+00 1.097628e+00
2.194000e+00 1.098221e+00
2.195000e+00 1.098816e+00
2.196000e+00 1.099411e+00
2.197000e+00 1.100008e+00
2.198000e+00 1.100605e+00
2.199000e+00 1.101203e+00
2.200000e+00 1.101802e+00
2.201000e+00 1.102403e+00
2.202000e+00 1.103004e+00
2.203000e+00 1.103606e+00
2.204000e+00 1.104209e+00
2.205000e+00 1.104813e+00
2.206000e+00 1.105418e+00
2.207000e+00 1.106024e+00
2.208000e+00 1.106631e+00
2.209000e+00 1.107239e+00
2.210000e+00 1.107848e+00
2.211000e+00 1.108457e+00
2.212000e+00 1.109068e+00
2.213000e+00 1.109680e+00
2.214000e+00 1.110293e+00
2.215000e+00 1.110906e+00
2.216000e+00 1.111521e+00
2.217000e+00 1.112137e+00
2.218000e+00 1.112753e+00
2.219000e+00 1.113371e+00
2.220000e+00 1.113989e+00
2.221000e+00 1.114609e+00
2.222000e+00 1.115229e+00
2.223000e+00 1.115851e+00
2.224000e+00 1.116473e+00
2.225000e+00 1.117097e+00
2.226000e+00 1.117721e+00
2.227000e+00 1.118346e+00
2.228000e+00 1.118973e+00
2.229000e+00 1.119600e+00
2.230000e+00 1.120228e+00
2.231000e+00 1.120858e+00
2.232000e+00 1.121488e+00
2.233000e+00 1.122119e+00
2.234000e+00 1.122752e+00
2.235000e+00 1.123385e+00
2.236000e+00 1.124019e+00
2.237000e+00 1.124654e+00
2.238000e+00 1.125291e+00
2.239000e+00 1.125928e+00
2.240000e+00 1.126566e+00
2.241000e+00 1.127205e+00
2.242000e+00 1.127846e+00
2.243000e+00 1.128487e+00
2.244000e+00 1.129129e+00
2.245000e+00 1.129772e+00
2.246000e+00 1.130416e+00
2.247000e+00 1.131062e+00
2.248000e+00 1.131708e+00
2.249000e+00 1.132355e+00
2.250000e+00 1.133003e+00
2.251000e+00 1.133652e+00
2.252000e+00 1.134302e+00
2.253000e+00 1.134954e+00
2.254000e+00 1.135606e+00
2.255000e+00 1.136259e+00
2.256000e+00 1.136913e+00
2.257000e+00 1.137569e+00
2.258000e+00 1.138225e+00
2.259000e+00 1.138882e+00
2.260000e+00 1.139540e+00
2.261000e+00 1.140200e+00
2.262000e+00 1.140860e+00
2.263000e+00 1.141521e+00
2.264000e+00 1.142184e+00
2.265000e+00 1.142847e+00
2.266000e+00 1.143511e+00
2.267000e+00 1.144177e+00
2.268000e+00 1.144843e+00
2.269000e+00 1.145510e+00
2.270000e+00 1.146179e+00
2.271000e+00 1.146848e+00
2.272000e+00 1.147519e+00
2.273000e+00 1.148190e+00
2.274000e+00 1.148863e+00
2.275000e+00 1.149536e+00
2.276000e+00 1.150211e+00
2.277000e+00 1.150887e+00
2.278000e+00 1.151563e+00
2.279000e+00 1.152241e+00
2.280000e+00 1.152920e+00
2.281000e+00 1.153599e+00
2.282000e+00 1.154280e+00
2.283000e+00 1.154962e+00
2.284000e+00 1.155645e+00
2.285000e+00 1.156329e+00
2.286000e+00 1.157014e+00
2.287000e+00 1.157700e+00
2.288000e+00 1.158387e+00
2.289000e+00 1.159075e+00
2.290000e+00 1.159764e+00
2.291000e+00 1.160454e+00
2.292000e+00 1.161145e+00
2.293000e+00 1.161837e+00
2.294000e+00 1.162530e+00
2.295000e+00 1.163225e+00
2.296000e+00 1.163920e+00
2.297000e+00 1.164616e+00
2.298000e+00 1.165314e+00
2.299000e+00 1.166012e+00
2.300000e+00 1.166712e+00
2.301000e+00 1.167413e+00
2.302000e+00 1.168114e+00
2.303000e+00 1.168817e+00
2.304000e+00 1.169521e+00
2.305000e+00 1.170225e+00
2.306000e+00 1.170931e+00
2.307000e+00 1.171638e+00
2.308000e+00 1.172346e+00
2.309000e+00 1.173055e+00
2.310000e+00 1.173765e+00
2.311000e+00 1.174477e+00
2.312000e+00 1.175189e+00
2.313000e+00 1.175902e+00
2.314000e+00 1.176617e+00
2.315000e+00 1.177332e+00
2.316000e+00 1.178049e+00
2.317000e+00 1.178766e+00
2.318000e+00 1.179485e+00
2.319000e+00 1.180205e+00
2.320000e+00 1.180925e+00
2.321000e+00 1.181647e+00
2.322000e+00 1.182370e+00
2.323000e+00 1.183094e+00
2.324000e+00 1.183819e+00
2.325000e+00 1.184546e+00
2.326000e+00 1.185273e+00
2.327000e+00 1.186001e+00
2.328000e+00 1.186731e+00
2.329000e+00 1.187461e+00
2.330000e+00 1.188193e+00
2.331000e+00 1.188926e+00
2.332000e+00 1.189659e+00
2.333000e+00 1.190394e+00
2.334000e+00 1.191130e+00
2.335000e+00 1.191867e+00
2.336000e+00 1.192605e+00
2.337000e+00 1.193345e+00
2.338000e+00 1.194085e+00
2.339000e+00 1.194826e+00
2.340000e+00 1.195569e+00
2.341000e+00 1.196312e+00
2.342000e+00 1.197057e+00
2.343000e+00 1.197803e+00
2.344000e+00 1.198550e+00
2.345000e+00 1.199298e+00
2.346000e+00 1.200047e+00
2.347000e+00 1.200797e+00
2.348000e+00 1.201548e+00
2.349000e+00 1.202301e+00
2.350000e+00 1.203054e+00
2.351000e+00 1.203809e+00
2.352000e+00 1.204565e+00
2.353000e+00 1.205322e+00
2.354000e+00 1.206080e+00
2.355000e+00 1.206839e+00
2.356000e+00 1.207599e+00
2.357000e+00 1.208360e+00
2.358000e+00 1.209123e+00
2.359000e+00 1.209886e+00
2.360000e+00 1.210651e+00
2.361000e+00 1.211417e+00
2.362000e+00 1.212184e+00
2.363000e+00 1.212952e+00
2.364000e+00 1.213721e+00
2.365000e+00 1.214491e+00
2.366000e+00 1.215263e+00
2.367000e+00 1.216035e+00
2.368000e+00 1.216809e+00
2.369000e+00 1.217584e+00
2.370000e+00 1.218360e+00
2.371000e+00 1.219137e+00
2.372000e+00 1.219915e+00
2.373000e+00 1.220694e+00
2.374000e+00 1.221475e+00
2.375000e+00 1.222256e+00
2.376000e+00 1.223039e+00
2.377000e+00 1.223823e+00
2.378000e+00 1.224608e+00
2.379000e+00 1.225394e+00
2.380000e+00 1.226181e+00
2.381000e+00 1.226970e+00
2.382000e+00 1.227759e+00
2.383000e+00 1.228550e+00
2.384000e+00 1.229342e+00
2.385000e+00 1.230135e+00
2.386000e+00 1.230929e+00
2.387000e+00 1.231725e+00
2.388000e+00 1.232521e+00
2.389000e+00 1.233319e+00
2.390000e+00 1.234117e+00
2.391000e+00 1.234917e+00
2.392000e+00 1.235719e+00
2.393000e+00 1.236521e+00
2.394000e+00 1.237324e+00
2.395000e+00 1.238129e+00
2.396000e+00 1.238935e+00
2.397000e+00 1.239742e+00
2.398000e+00 1.240550e+00
2.399000e+00 1.241359e+00
2.400000e+00 1.242169e+00
2.401000e+00 1.242981e+00
2.402000e+00 1.243794e+00
2.403000e+00 1.244608e+00
2.404000e+00 1.245423e+00
2.405000e+00 1.246239e+00
2.406000e+00 1.247057e+00
2.407000e+00 1.247875e+00
2.408000e+00 1.248695e+00
2.409000e+00 1.249516e+00
2.410000e+00 1.250338e+00
2.411000e+00 1.251162e+00
2.412000e+00 1.251986e+00
2.413000e+00 1.252812e+00
2.414000e+00 1.253639e+00
2.415000e+00 1.254467e+00
2.416000e+00 1.255296e+00
2.417000e+00 1.256127e+00
2.418000e+00 1.256958e+00
2.419000e+00 1.257791e+00
2.420000e+00 1.258625e+00
2.421000e+00 1.259460e+00
2.422000e+00 1.260297e+00
2.423000e+00 1.261135e+00
2.424000e+00 1.261973e+00
2.425000e+00 1.262813e+00
2.426000e+00 1.263655e+00
2.427000e+00 1.264497e+00
2.428000e+00 1.265341e+00
2.429000e+00 1.266186e+00
2.430000e+00 1.267032e+00
2.431000e+00 1.267879e+00
2.432000e+00 1.268728e+00
2.433000e+00 1.269577e+00
2.434000e+00 1.270428e+00
2.435000e+00 1.271280e+00
2.436000e+00 1.272134e+00
2.437000e+00 1.272988e+00
2.438000e+00 1.273844e+00
2.439000e+00 1.274701e+00
2.440000e+00 1.275559e+00
2.441000e+00 1.276419e+00
2.442000e+00 1.277279e+00
2.443000e+00 1.278141e+00
2.444000e+00 1.279004e+00
2.445000e+00 1.279869e+00
2.446000e+00 1.280734e+00
2.447000e+00 1.281601e+00
2.448000e+00 1.282469e+00
2.449000e+00 1.283338e+00
2.450000e+00 1.284209e+00
2.451000e+00 1.285081e+00
2.452000e+00 1.285954e+00
2.453000e+00 1.286828e+00
2.454000e+00 1.287703e+00
2.455000e+00 1.288580e+00
2.456000e+00 1.289458e+00
2.457000e+00 1.290337e+00
2.458000e+00 1.291218e+00
2.459000e+00 1.292099e+00
2.460000e+00 1.292982e+00
2.461000e+00 1.293867e+00
2.462000e+00 1.294752e+00
2.463000e+00 1.295639e+00
2.464000e+00 1.296527e+00
2.465000e+00 1.297416e+00
2.466000e+00 1.298306e+00
2.467000e+00 1.299198e+00
2.468000e+00 1.300091e+00
2.469000e+00 1.300985e+00
2.470000e+00 1.301881e+00
2.471000e+00 1.302777e+00
2.472000e+00 1.303675e+00
2.473000e+00 1.304575e+00
2.474000e+00 1.305475e+00
2.475000e+00 1.306377e+00
2.476000e+00 1.307280e+00
2.477000e+00 1.308185e+00
2.478000e+00 1.309090e+00
2.479000e+00 1.309997e+00
2.480000e+00 1.310906e+00
2.481000e+00 1.311815e+00
2.482000e+00 1.312726e+00
2.483000e+00 1.313638e+00
2.484000e+00 1.314551e+00
2.485000e+00 1.315466e+00
2.486000e+00 1.316382e+00
2.487000e+00 1.317299e+00
2.488000e+00 1.318217e+00
2.489000e+00 1.319137e+00
2.490000e+00 1.320058e+00
2.491000e+00 1.320981e+00
2.492000e+00 1.321904e+00
2.493000e+00 1.322829e+00
2.494000e+00 1.323755e+00
2.495000e+00 1.324683e+00
2.496000e+00 1.325612e+00
2.497000e+00 1.326542e+00
2.498000e+00 1.327474e+00
2.499000e+00 1.328406e+00
2.500000e+00 1.329340e+00
2.501000e+00 1.330276e+00
2.502000e+00 1.331212e+00
2.503000e+00 1.332150e+00
2.504000e+00 1.333090e+00
2.505000e+00 1.334030e+00
2.506000e+00 1.334972e+00
2.507000e+00 1.335916e+00
2.508000e+00 1.336860e+00
2.509000e+00 1.337806e+00
2.510000e+00 1.338753e+00
2.511000e+00 1.339702e+00
2.512000e+00 1.340652e+00
2.513000e+00 1.341603e+00
2.514000e+00 1.342556e+00
2.515000e+00 1.343510e+00
2.516000e+00 1.344465e+00
2.517000e+00 1.345421e+00
2.518000e+00 1.346379e+00
2.519000e+00 1.347338e+00
2.520000e+00 1.348299e+00
2.521000e+00 1.349261e+00
2.522000e+00 1.350224e+00
2.523000e+00 1.351189e+00
2.524000e+00 1.352155e+00
2.525000e+00 1.353122e+00
2.526000e+00 1.354090e+00
2.527000e+00 1.355060e+00
2.528000e+00 1.356032e+00
2.529000e+00 1.357004e+00
2.530000e+00 1.357978e+00
2.531000e+00 1.358954e+00
2.532000e+00 1.359931e+00
2.533000e+00 1.360909e+00
2.534000e+00 1.361888e+00
2.535000e+00 1.362869e+00
2.536000e+00 1.363851e+00
2.537000e+00 1.364835e+00
2.538000e+00 1.365820e+00
2.539000e+00 1.366806e+00
2.540000e+00 1.367794e+00
2.541000e+00 1.368783e+00
2.542000e+00 1.369773e+00
2.543000e+00 1.370765e+00
2.544000e+00 1.371758e+00
2.545000e+00 1.372753e+00
2.546000e+00 1.373748e+00
2.547000e+00 1.374746e+00
2.548000e+00 1.375744e+00
2.549000e+00 1.376744e+00
2.550000e+00 1.377746e+00
2.551000e+00 1.378749e+00
2.552000e+00 1.379753e+00
2.553000e+00 1.380759e+00
2.554000e+00 1.381766e+00
2.555000e+00 1.382774e+00
2.556000e+00 1.383784e+00
2.557000e+00 1.384795e+00
2.558000e+00 1.385808e+00
2.559000e+00 1.386822e+00
2.560000e+00 1.387837e+00
2.561000e+00 1.388854e+00
2.562000e+00 1.389872e+00
2.563000e+00 1.390892e+00
2.564000e+00 1.391913e+00
2.565000e+00 1.392935e+00
2.566000e+00 1.393959e+00
2.567000e+00 1.394985e+00
2.568000e+00 1.396011e+00
2.569000e+00 1.397039e+00
2.570000e+00 1.398069e+00
2.571000e+00 1.399100e+00
2.572000e+00 1.400132e+00
2.573000e+00 1.401166e+00
2.574000e+00 1.402201e+00
2.575000e+00 1.403238e+00
2.576000e+00 1.404276e+00
2.577000e+00 1.405316e+00
2.578000e+00 1.406357e+00
2.579000e+00 1.407399e+00
2.580000e+00 1.408443e+00
2.581000e+00 1.409488e+00
2.582000e+00 1.410535e+00
2.583000e+00 1.411583e+00
2.584000e+00 1.412633e+00
2.585000e+00 1.413684e+00
2.586000e+00 1.414736e+00
2.587000e+00 1.415790e+00
2.588000e+00 1.416846e+00
2.589000e+00 1.417903e+00
2.590000e+00 1.418961e+00
2.591000e+00 1.420021e+00
2.592000e+00 1.421082e+00
2.593000e+00 1.422145e+00
2.594000e+00 1.423209e+00
2.595000e+00 1.424274e+00
2.596000e+00 1.425341e+00
2.597000e+00 1.426410e+00
2.598000e+00 1.427480e+00
2.599000e+00 1.428552e+00
2.600000e+00 1.429625e+00
2.601000e+00 1.430699e+00
2.602000e+00 1.431775e+00
2.603000e+00 1.432852e+00
2.604000e+00 1.433931e+00
2.605000e+00 1.435012e+00
2.606000e+00 1.436093e+00
2.607000e+00 1.437177e+00
2.608000e+00 1.438262e+00
2.609000e+00 1.439348e+00
2.610000e+00 1.440436e+00
2.611000e+00 1.441525e+00
2.612000e+00 1.442616e+00
2.613000e+00 1.443708e+00
2.614000e+00 1.444802e+00
2.615000e+00 1.445897e+00
2.616000e+00 1.446994e+00
2.617000e+00 1.448092e+00
2.618000e+00 1.449192e+00
2.619000e+00 1.450294e+00
2.620000e+00 1.451396e+00
2.621000e+00 1.452501e+00
2.622000e+00 1.453607e+00
2.623000e+00 1.454714e+00
2.624000e+00 1.455823e+00
2.625000e+00 1.456933e+00
2.626000e+00 1.458045e+00
2.627000e+00 1.459159e+00
2.628000e+00 1.460274e+00
2.629000e+00 1.461390e+00
2.630000e+00 1.462508e+00
2.631000e+00 1.463628e+00
2.632000e+00 1.464749e+00
2.633000e+00 1.465871e+00
2.634000e+00 1.466996e+00
2.635000e+00 1.468121e+00
2.636000e+00 1.469249e+00
2.637000e+00 1.470377e+00
2.638000e+00 1.471508e+00
2.639000e+00 1.472640e+00
2.640000e+00 1.473773e+00
2.641000e+00 1.474908e+00
2.642000e+00 1.476044e+00
2.643000e+00 1.477183e+00
2.644000e+00 1.478322e+00
2.645000e+00 1.479463e+00
2.646000e+00 1.480606e+00
2.647000e+00 1.481750e+00
2.648000e+00 1.482896e+00
2.649000e+00 1.484044e+00
2.650000e+00 1.485193e+00
2.651000e+00 1.486343e+00
2.652000e+00 1.487495e+00
2.653000e+00 1.488649e+00
2.654000e+00 1.489805e+00
2.655000e+00 1.490961e+00
2.656000e+00 1.492120e+00
2.657000e+00 1.493280e+00
2.658000e+00 1.494441e+00
2.659000e+00 1.495605e+00
2.660000e+00 1.496769e+00
2.661000e+00 1.497936e+00
2.662000e+00 1.499104e+00
2.663000e+00 1.500273e+00
2.664000e+00 1.501445e+00
2.665000e+00 1.502617e+00
2.666000e+00 1.503792e+00
2.667000e+00 1.504968e+00
2.668000e+00 1.506145e+00
2.669000e+00 1.507324e+00
2.670000e+00 1.508505e+00
2.671000e+00 1.509688e+00
2.672000e+00 1.510872e+00
2.673000e+00 1.512057e+00
2.674000e+00 1.513244e+00
2.675000e+00 1.514433e+00
2.676000e+00 1.515624e+00
2.677000e+00 1.516816e+00
2.678000e+00 1.518009e+00
2.679000e+00 1.519205e+00
2.680000e+00 1.520402e+00
2.681000e+00 1.521600e+00
2.682000e+00 1.522801e+00
2.683000e+00 1.524002e+00
2.684000e+00 1.525206e+00
2.685000e+00 1.526411e+00
2.686000e+00 1.527618e+00
2.687000e+00 1.528826e+00
2.688000e+00 1.530036e+00
2.689000e+00 1.531248e+00
2.690000e+00 1.532461e+00
2.691000e+00 1.533676e+00
2.692000e+00 1.534893e+00
2.693000e+00 1.536111e+00
2.694000e+00 1.537331e+00
2.695000e+00 1.538553e+00
2.696000e+00 1.539776e+00
2.697000e+00 1.541001e+00
2.698000e+00 1.542228e+00
2.699000e+00 1.543456e+00
2.700000e+00 1.544686e+00
2.701000e+00 1.545917e+00
2.702000e+00 1.547151e+00
2.703000e+00 1.548386e+00
2.704000e+00 1.549622e+00
2.705000e+00 1.550861e+00
2.706000e+00 1.552101e+00
2.707000e+00 1.553342e+00
2.708000e+00 1.554586e+00
2.709000e+00 1.555831e+00
2.710000e+00 1.557078e+00
2.711000e+00 1.558326e+00
2.712000e+00 1.559576e+00
2.713000e+00 1.560828e+00
2.714000e+00 1.562082e+00
2.715000e+00 1.563337e+00
2.716000e+00 1.564594e+00
2.717000e+00 1.565852e+00
2.718000e+00 1.567113e+00
2.719000e+00 1.568375e+00
2.720000e+00 1.569639e+00
2.721000e+00 1.570904e+00
2.722000e+00 1.572171e+00
2.723000e+00 1.573440e+00
2.724000e+00 1.574711e+00
2.725000e+00 1.575983e+00
2.726000e+00 1.577257e+00
2.727000e+00 1.578533e+00
2.728000e+00 1.579811e+00
2.729000e+00 1.581090e+00
2.730000e+00 1.582371e+00
2.731000e+00 1.583654e+00
2.732000e+00 1.584938e+00
2.733000e+00 1.586225e+00
2.734000e+00 1.587513e+00
2.735000e+00 1.588802e+00
2.736000e+00 1.590094e+00
2.737000e+00 1.591387e+00
2.738000e+00 1.592682e+00
2.739000e+00 1.593979e+00
2.740000e+00 1.595277e+00
2.741000e+00 1.596578e+00
2.742000e+00 1.597880e+00
2.743000e+00 1.599183e+00
2.744000e+00 1.600489e+00
2.745000e+00 1.601796e+00
2.746000e+00 1.603105e+00
2.747000e+00 1.604416e+00
2.748000e+00 1.605729e+00
2.749000e+00 1.607043e+00
2.750000e+00 1.608359e+00
2.751000e+00 1.609677e+00
2.752000e+00 1.610997e+00
2.753000e+00 1.612319e+00
2.754000e+00 1.613642e+00
2.755000e+00 1.614967e+00
2.756000e+00 1.616294e+00
2.757000e+00 1.617623e+00
2.758000e+00 1.618953e+00
2.759000e+00 1.620286e+00
2.760000e+00 1.621620e+00
2.761000e+00 1.622956e+00
2.762000e+00 1.624293e+00
2.763000e+00 1.625633e+00
2.764000e+00 1.626974e+00
2.765000e+00 1.628318e+00
2.766000e+00 1.629663e+00
2.767000e+00 1.631009e+00
2.768000e+00 1.632358e+00
2.769000e+00 1.633708e+00
2.770000e+00 1.635061e+00
2.771000e+00 1.636415e+00
2.772000e+00 1.637771e+00
2.773000e+00 1.639129e+00
2.774000e+00 1.640488e+00
2.775000e+00 1.641850e+00
2.776000e+00 1.643213e+00
2.777000e+00 1.644578e+00
2.778000e+00 1.645945e+00
2.779000e+00 1.647314e+00
2.780000e+00 1.648685e+00
2.781000e+00 1.650057e+00
2.782000e+00 1.651432e+00
2.783000e+00 1.652808e+00
2.784000e+00 1.654186e+00
2.785000e+00 1.655566e+00
2.786000e+00 1.656948e+00
2.787000e+00 1.658331e+00
2.788000e+00 1.659717e+00
2.789000e+00 1.661104e+00
2.790000e+00 1.662494e+00
2.791000e+00 1.663885e+00
2.792000e+00 1.665278e+00
2.793000e+00 1.666673e+00
2.794000e+00 1.668070e+00
2.795000e+00 1.669469e+00
2.796000e+00 1.670869e+00
2.797000e+00 1.672272e+00
2.798000e+00 1.673676e+00
2.799000e+00 1.675083e+00
2.800000e+00 1.676491e+00
2.801000e+00 1.677901e+00
2.802000e+00 1.679313e+00
2.803000e+00 1.680727e+00
2.804000e+00 1.682143e+00
2.805000e+00 1.683560e+00
2.806000e+00 1.684980e+00
2.807000e+00 1.686402e+00
2.808000e+00 1.687825e+00
2.809000e+00 1.689251e+00
2.810000e+00 1.690678e+00
2.811000e+00 1.692107e+00
2.812000e+00 1.693539e+00
2.813000e+00 1.694972e+00
2.814000e+00 1.696407e+00
2.815000e+00 1.697844e+00
2.816000e+00 1.699283e+00
2.817000e+00 1.700724e+00
2.818000e+00 1.702167e+00
2.819000e+00 1.703611e+00
2.820000e+00 1.705058e+00
2.821000e+00 1.706507e+00
2.822000e+00 1.707957e+00
2.823000e+00 1.709410e+00
2.824000e+00 1.710865e+00
2.825000e+00 1.712321e+00
2.826000e+00 1.713780e+00
2.827000e+00 1.715240e+00
2.828000e+00 1.716703e+00
2.829000e+00 1.718167e+00
2.830000e+00 1.719633e+00
2.831000e+00 1.721102e+00
2.832000e+00 1.722572e+00
2.833000e+00 1.724045e+00
2.834000e+00 1.725519e+00
2.835000e+00 1.726995e+00
2.836000e+00 1.728473e+00
2.837000e+00 1.729954e+00
2.838000e+00 1.731436e+00
2.839000e+00 1.732920e+00
2.840000e+00 1.734407e+00
2.841000e+00 1.735895e+00
2.842000e+00 1.737385e+00
2.843000e+00 1.738878e+00
2.844000e+00 1.740372e+00
2.845000e+00 1.741868e+00
2.846000e+00 1.743367e+00
2.847000e+00 1.744867e+00
2.848000e+00 1.746370e+00
2.849000e+00 1.747874e+00
2.850000e+00 1.749381e+00
2.851000e+00 1.750889e+00
2.852000e+00 1.752400e+00
2.853000e+00 1.753912e+00
2.854000e+00 1.755427e+00
2.855000e+00 1.756944e+00
2.856000e+00 1.758462e+00
2.857000e+00 1.759983e+00
2.858000e+00 1.761506e+00
2.859000e+00 1.763031e+00
2.860000e+00 1.764558e+00
2.861000e+00 1.766087e+00
2.862000e+00 1.767618e+00
2.863000e+00 1.769151e+00
2.864000e+00 1.770686e+00
2.865000e+00 1.772224e+00
2.866000e+00 1.773763e+00
2.867000e+00 1.775304e+00
2.868000e+00 1.776848e+00
2.869000e+00 1.778393e+00
2.870000e+00 1.779941e+00
2.871000e+00 1.781491e+00
2.872000e+00 1.783043e+00
2.873000e+00 1.784597e+00
2.874000e+00 1.786153e+00
2.875000e+00 1.787711e+00
2.876000e+00 1.789271e+00
2.877000e+00 1.790833e+00
2.878000e+00 1.792398e+00
2.879000e+00 1.793965e+00
2.880000e+00 1.795533e+00
2.881000e+00 1.797104e+00
2.882000e+00 1.798677e+00
2.883000e+00 1.800252e+00
2.884000e+00 1.801829e+00
2.885000e+00 1.803408e+00
2.886000e+00 1.804990e+00
2.887000e+00 1.806573e+00
2.888000e+00 1.808159e+00
2.889000e+00 1.809747e+00
2.890000e+00 1.811337e+00
2.891000e+00 1.812929e+00
2.892000e+00 1.814523e+00
2.893000e+00 1.816120e+00
2.894000e+00 1.817718e+00
2.895000e+00 1.819319e+00
2.896000e+00 1.820922e+00
2.897000e+00 1.822527e+00
2.898000e+00 1.824134e+00
2.899000e+00 1.825744e+00
2.900000e+00 1.827355e+00
2.901000e+00 1.828969e+00
2.902000e+00 1.830585e+00
2.903000e+00 1.832203e+00
2.904000e+00 1.833823e+00
2.905000e+00 1.835446e+00
2.906000e+00 1.837070e+00
2.907000e+00 1.838697e+00
2.908000e+00 1.840326e+00
2.909000e+00 1.841957e+00
2.910000e+00 1.843591e+00
2.911000e+00 1.845226e+00
2.912000e+00 1.846864e+00
2.913000e+00 1.848504e+00
2.914000e+00 1.850146e+00
2.915000e+00 1.851791e+00
2.916000e+00 1.853438e+00
2.917000e+00 1.855087e+00
2.918000e+00 1.856738e+00
2.919000e+00 1.858391e+00
2.920000e+00 1.860047e+00
2.921000e+00 1.861705e+00
2.922000e+00 1.863365e+00
2.923000e+00 1.865027e+00
2.924000e+00 1.866691e+00
2.925000e+00 1.868358e+00
2.926000e+00 1.870027e+00
2.927000e+00 1.871699e+00
2.928000e+00 1.873372e+00
2.929000e+00 1.875048e+00
2.930000e+00 1.876726e+00
2.931000e+00 1.878406e+00
2.932000e+00 1.880089e+00
2.933000e+00 1.881774e+00
2.934000e+00 1.883461e+00
2.935000e+00 1.885150e+00
2.936000e+00 1.886842e+00
2.937000e+00 1.888536e+00
2.938000e+00 1.890232e+00
2.939000e+00 1.891931e+00
2.940000e+00 1.893632e+00
2.941000e+00 1.895335e+00
2.942000e+00 1.897040e+00
2.943000e+00 1.898748e+00
2.944000e+00 1.900458e+00
2.945000e+00 1.902171e+00
2.946000e+00 1.903885e+00
2.947000e+00 1.905602e+00
2.948000e+00 1.907322e+00
2.949000e+00 1.909043e+00
2.950000e+00 1.910767e+00
2.951000e+00 1.912494e+00
2.952000e+00 1.914222e+00
2.953000e+00 1.915953e+00
2.954000e+00 1.917686e+00
2.955000e+00 1.919422e+00
2.956000e+00 1.921160e+00
2.957000e+00 1.922900e+00
2.958000e+00 1.924643e+00
2.959000e+00 1.926388e+00
2.960000e+00 1.928135e+00
2.961000e+00 1.929885e+00
2.962000e+00 1.931637e+00
2.963000e+00 1.933392e+00
2.964000e+00 1.935149e+00
2.965000e+00 1.936908e+00
2.966000e+00 1.938669e+00
2.967000e+00 1.940433e+00
2.968000e+00 1.942200e+00
2.969000e+00 1.943968e+00
2.970000e+00 1.945739e+00
2.971000e+00 1.947513e+00
2.972000e+00 1.949289e+00
2.973000e+00 1.951067e+00
2.974000e+00 1.952848e+00
2.975000e+00 1.954631e+00
2.976000e+00 1.956416e+00
2.977000e+00 1.958204e+00
2.978000e+00 1.959995e+00
2.979000e+00 1.961787e+00
2.980000e+00 1.963583e+00
2.981000e+00 1.965380e+00
2.982000e+00 1.967180e+00
2.983000e+00 1.968983e+00
2.984000e+00 1.970788e+00
2.985000e+00 1.972595e+00
2.986000e+00 1.974405e+00
2.987000e+00 1.976217e+00
2.988000e+00 1.978032e+00
2.989000e+00 1.979849e+00
2.990000e+00 1.981668e+00
2.991000e+00 1.983490e+00
2.992000e+00 1.985315e+00
2.993000e+00 1.987142e+00
2.994000e+00 1.988971e+00
2.995000e+00 1.990803e+00
2.996000e+00 1.992638e+00
2.997000e+00 1.994474e+00
2.998000e+00 1.996314e+00
2.999000e+00 1.998156e+00
3.000000e+00 2.000000e+00
3.001000e+00 2.001847e+00
3.002000e+00 2.003696e+00
3.003000e+00 2.005548e+00
3.004000e+00 2.007402e+00
3.005000e+00 2.009259e+00
3.006000e+00 2.011118e+00
3.007000e+00 2.012980e+00
3.008000e+00 2.014845e+00
3.009000e+00 2.016712e+00
3.010000e+00 2.018581e+00
3.011000e+00 2.020453e+00
3.012000e+00 2.022327e+00
3.013000e+00 2.024204e+00
3.014000e+00 2.026084e+00
3.015000e+00 2.027966e+00
3.016000e+00 2.029851e+00
3.017000e+00 2.031738e+00
3.018000e+00 2.033627e+00
3.019000e+00 2.035520e+00
3.020000e+00 2.037415e+00
3.021000e+00 2.039312e+00
3.022000e+00 2.041212e+00
3.023000e+00 2.043115e+00
3.024000e+00 2.045020e+00
3.025000e+00 2.046927e+00
3.026000e+00 2.048838e+00
3.027000e+00 2.050750e+00
3.028000e+00 2.052666e+00
3.029000e+00 2.054584e+00
3.030000e+00 2.056505e+00
3.031000e+00 2.058428e+00
3.032000e+00 2.060354e+00
3.033000e+00 2.062282e+00
3.034000e+00 2.064213e+00
3.035000e+00 2.066147e+00
3.036000e+00 2.068083e+00
3.037000e+00 2.070022e+00
3.038000e+00 2.071964e+00
3.039000e+00 2.073908e+00
3.040000e+00 2.075854e+00
3.041000e+00 2.077804e+00
3.042000e+00 2.079756e+00
3.043000e+00 2.081711e+00
3.044000e+00 2.083668e+00
3.045000e+00 2.085628e+00
3.046000e+00 2.087591e+00
3.047000e+00 2.089556e+00
3.048000e+00 2.091524e+00
3.049000e+00 2.093495e+00
3.050000e+00 2.095468e+00
3.051000e+00 2.097444e+00
3.052000e+00 2.099423e+00
3.053000e+00 2.101404e+00
3.054000e+00 2.103388e+00
3.055000e+00 2.105375e+00
3.056000e+00 2.107364e+00
3.057000e+00 2.109356e+00
3.058000e+00 2.111351e+00
3.059000e+00 2.113348e+00
3.060000e+00 2.115349e+00
3.061000e+00 2.117352e+00
3.062000e+00 2.119357e+00
3.063000e+00 2.121366e+00
3.064000e+00 2.123377e+00
3.065000e+00 2.125390e+00
3.066000e+00 2.127407e+00
3.067000e+00 2.129426e+00
3.068000e+00 2.131448e+00
3.069000e+00 2.133473e+00
3.070000e+00 2.135500e+00
3.071000e+00 2.137531e+00
3.072000e+00 2.139564e+00
3.073000e+00 2.141599e+00
3.074000e+00 2.143638e+00
3.075000e+00 2.145679e+00
3.076000e+00 2.147723e+00
3.077000e+00 2.149770e+00
3.078000e+00 2.151819e+00
3.079000e+00 2.153872e+00
3.080000e+00 2.155927e+00
3.081000e+00 2.157985e+00
3.082000e+00 2.160046e+00
3.083000e+00 2.162109e+00
3.084000e+00 2.164175e+00
3.085000e+00 2.166245e+00
3.086000e+00 2.168316e+00
3.087000e+00 2.170391e+00
3.088000e+00 2.172469e+00
3.089000e+00 2.174549e+00
3.090000e+00 2.176632e+00
3.091000e+00 2.178718e+00
3.092000e+00 2.180807e+00
3.093000e+00 2.182899e+00
3.094000e+00 2.184993e+00
3.095000e+00 2.187091e+00
3.096000e+00 2.189191e+00
3.097000e+00 2.191294e+00
3.098000e+00 2.193400e+00
3.099000e+00 2.195509e+00
3.100000e+00 2.197620e+00
3.101000e+00 2.199735e+00
3.102000e+00 2.201852e+00
3.103000e+00 2.203972e+00
3.104000e+00 2.206096e+00
3.105000e+00 2.208222e+00
3.106000e+00 2.210350e+00
3.107000e+00 2.212482e+00
3.108000e+00 2.214617e+00
3.109000e+00 2.216755e+00
3.110000e+00 2.218895e+00
3.111000e+00 2.221038e+00
3.112000e+00 2.223185e+00
3.113000e+00 2.225334e+00
3.114000e+00 2.227486e+00
3.115000e+00 2.229641e+00
3.116000e+00 2.231799e+00
3.117000e+00 2.233960e+00
3.118000e+00 2.236124e+00
3.119000e+00 2.238291e+00
3.120000e+00 2.240461e+00
3.121000e+00 2.242633e+00
3.122000e+00 2.244809e+00
3.123000e+00 2.246988e+00
3.124000e+00 2.249169e+00
3.125000e+00 2.251354e+00
3.126000e+00 2.253541e+00
3.127000e+00 2.255732e+00
3.128000e+00 2.257925e+00
3.129000e+00 2.260122e+00
3.130000e+00 2.262321e+00
3.131000e+00 2.264523e+00
3.132000e+00 2.266729e+00
3.133000e+00 2.268937e+00
3.134000e+00 2.271149e+00
3.135000e+00 2.273363e+00
3.136000e+00 2.275581e+00
3.137000e+00 2.277801e+00
3.138000e+00 2.280025e+00
3.139000e+00 2.282251e+00
3.140000e+00 2.284481e+00
3.141000e+00 2.286713e+00
3.142000e+00 2.288949e+00
3.143000e+00 2.291187e+00
3.144000e+00 2.293429e+00
3.145000e+00 2.295674e+00
3.146000e+00 2.297922e+00
3.147000e+00 2.300173e+00
3.148000e+00 2.302427e+00
3.149000e+00 2.304684e+00
3.150000e+00 2.306944e+00
3.151000e+00 2.309207e+00
3.152000e+00 2.311473e+00
3.153000e+00 2.313742e+00
3.154000e+00 2.316015e+00
3.155000e+00 2.318290e+00
3.156000e+00 2.320569e+00
3.157000e+00 2.322851e+00
3.158000e+00 2.325136e+00
3.159000e+00 2.327424e+00
3.160000e+00 2.329715e+00
3.161000e+00 2.332009e+00
3.162000e+00 2.334306e+00
3.163000e+00 2.336607e+00
3.164000e+00 2.338910e+00
3.165000e+00 2.341217e+00
3.166000e+00 2.343527e+00
3.167000e+00 2.345840e+00
3.168000e+00 2.348156e+00
3.169000e+00 2.350475e+00
3.170000e+00 2.352798e+00
3.171000e+00 2.355123e+00
3.172000e+00 2.357452e+00
3.173000e+00 2.359784e+00
3.174000e+00 2.362119e+00
3.175000e+00 2.364458e+00
3.176000e+00 2.366799e+00
3.177000e+00 2.369144e+00
3.178000e+00 2.371492e+00
3.179000e+00 2.373843e+00
3.180000e+00 2.376197e+00
3.181000e+00 2.378555e+00
3.182000e+00 2.380916e+00
3.183000e+00 2.383280e+00
3.184000e+00 2.385647e+00
3.185000e+00 2.388018e+00
3.186000e+00 2.390391e+00
3.187000e+00 2.392768e+00
3.188000e+00 2.395148e+00
3.189000e+00 2.397532e+00
3.190000e+00 2.399918e+00
3.191000e+00 2.402308e+00
3.192000e+00 2.404702e+00
3.193000e+00 2.407098e+00
3.194000e+00 2.409498e+00
3.195000e+00 2.411901e+00
3.196000e+00 2.414307e+00
3.197000e+00 2.416717e+00
3.198000e+00 2.419130e+00
3.199000e+00 2.421546e+00
3.200000e+00 2.423965e+00
3.201000e+00 2.426388e+00
3.202000e+00 2.428814e+00
3.203000e+00 2.431244e+00
3.204000e+00 2.433677e+00
3.205000e+00 2.436113e+00
3.206000e+00 2.438552e+00
3.207000e+00 2.440995e+00
3.208000e+00 2.443441e+00
3.209000e+00 2.445890e+00
3.210000e+00 2.448343e+00
3.211000e+00 2.450799e+00
3.212000e+00 2.453259e+00
3.213000e+00 2.455722e+00
3.214000e+00 2.458188e+00
3.215000e+00 2.460657e+00
3.216000e+00 2.463130e+00
3.217000e+00 2.465607e+00
3.218000e+00 2.468086e+00
3.219000e+00 2.470570e+00
3.220000e+00 2.473056e+00
3.221000e+00 2.475546e+00
3.222000e+00 2.478039e+00
3.223000e+00 2.480536e+00
3.224000e+00 2.483036e+00
3.225000e+00 2.485540e+00
3.226000e+00 2.488047e+00
3.227000e+00 2.490557e+00
3.228000e+00 2.493071e+00
3.229000e+00 2.495589e+00
3.230000e+00 2.498109e+00
3.231000e+00 2.500634e+00
3.232000e+00 2.503161e+00
3.233000e+00 2.505693e+00
3.234000e+00 2.508227e+00
3.235000e+00 2.510765e+00
3.236000e+00 2.513307e+00
3.237000e+00 2.515852e+00
3.238000e+00 2.518401e+00
3.239000e+00 2.520953e+00
3.240000e+00 2.523508e+00
3.241000e+00 2.526067e+00
3.242000e+00 2.528630e+00
3.243000e+00 2.531196e+00
3.244000e+00 2.533765e+00
3.245000e+00 2.536338e+00
3.246000e+00 2.538915e+00
3.247000e+00 2.541495e+00
3.248000e+00 2.544079e+00
3.249000e+00 2.546666e+00
3.250000e+00 2.549257e+00
3.251000e+00 2.551851e+00
3.252000e+00 2.554449e+00
3.253000e+00 2.557051e+00
3.254000e+00 2.559656e+00
3.255000e+00 2.562264e+00
3.256000e+00 2.564877e+00
3.257000e+00 2.567492e+00
3.258000e+00 2.570112e+00
3.259000e+00 2.572735e+00
3.260000e+00 2.575361e+00
3.261000e+00 2.577991e+00
3.262000e+00 2.580625e+00
3.263000e+00 2.583263e+00
3.264000e+00 2.585904e+00
3.265000e+00 2.588548e+00
3.266000e+00 2.591197e+00
3.267000e+00 2.593848e+00
3.268000e+00 2.596504e+00
3.269000e+00 2.599163e+00
3.270000e+00 2.601826e+00
3.271000e+00 2.604493e+00
3.272000e+00 2.607163e+00
3.273000e+00 2.609837e+00
3.274000e+00 2.612514e+00
3.275000e+00 2.615195e+00
3.276000e+00 2.617880e+00
3.277000e+00 2.620569e+00
3.278000e+00 2.623261e+00
3.279000e+00 2.625957e+00
3.280000e+00 2.628657e+00
3.281000e+00 2.631360e+00
3.282000e+00 2.634067e+00
3.283000e+00 2.636778e+00
3.284000e+00 2.639493e+00
3.285000e+00 2.642211e+00
3.286000e+00 2.644933e+00
3.287000e+00 2.647659e+00
3.288000e+00 2.650388e+00
3.289000e+00 2.653122e+00
3.290000e+00 2.655859e+00
3.291000e+00 2.658600e+00
3.292000e+00 2.661344e+00
3.293000e+00 2.664093e+00
3.294000e+00 2.666845e+00
3.295000e+00 2.669601e+00
3.296000e+00 2.672360e+00
3.297000e+00 2.675124e+00
3.298000e+00 2.677891e+00
3.299000e+00 2.680662e+00
3.300000e+00 2.683437e+00
3.301000e+00 2.686216e+00
3.302000e+00 2.688999e+00
3.303000e+00 2.691785e+00
3.304000e+00 2.694576e+00
3.305000e+00 2.697370e+00
3.306000e+00 2.700168e+00
3.307000e+00 2.702970e+00
3.308000e+00 2.705775e+00
3.309000e+00 2.708585e+00
3.310000e+00 2.711398e+00
3.311000e+00 2.714216e+00
3.312000e+00 2.717037e+00
3.313000e+00 2.719862e+00
3.314000e+00 2.722691e+00
3.315000e+00 2.725524e+00
3.316000e+00 2.728361e+00
3.317000e+00 2.731201e+00
3.318000e+00 2.734046e+00
3.319000e+00 2.736894e+00
3.320000e+00 2.739747e+00
3.321000e+00 2.742603e+00
3.322000e+00 2.745464e+00
3.323000e+00 2.748328e+00
3.324000e+00 2.751196e+00
3.325000e+00 2.754069e+00
3.326000e+00 2.756945e+00
3.327000e+00 2.759825e+00
3.328000e+00 2.762709e+00
3.329000e+00 2.765597e+00
3.330000e+00 2.768489e+00
3.331000e+00 2.771385e+00
3.332000e+00 2.774285e+00
3.333000e+00 2.777190e+00
3.334000e+00 2.780098e+00
3.335000e+00 2.783010e+00
3.336000e+00 2.785926e+00
3.337000e+00 2.788846e+00
3.338000e+00 2.791770e+00
3.339000e+00 2.794699e+00
3.340000e+00 2.797631e+00
3.341000e+00 2.800567e+00
3.342000e+00 2.803508e+00
3.343000e+00 2.806452e+00
3.344000e+00 2.809401e+00
3.345000e+00 2.812353e+00
3.346000e+00 2.815310e+00
3.347000e+00 2.818271e+00
3.348000e+00 2.821236e+00
3.349000e+00 2.824205e+00
3.350000e+00 2.827178e+00
3.351000e+00 2.830155e+00
3.352000e+00 2.833137e+00
3.353000e+00 2.836122e+00
3.354000e+00 2.839112e+00
3.355000e+00 2.842105e+00
3.356000e+00 2.845103e+00
3.357000e+00 2.848105e+00
3.358000e+00 2.851111e+00
3.359000e+00 2.854122e+00
3.360000e+00 2.857136e+00
3.361000e+00 2.860155e+00
3.362000e+00 2.863178e+00
3.363000e+00 2.866205e+00
3.364000e+00 2.869236e+00
3.365000e+00 2.872272e+00
3.366000e+00 2.875311e+00
3.367000e+00 2.878355e+00
3.368000e+00 2.881403e+00
3.369000e+00 2.884455e+00
3.370000e+00 2.887512e+00
3.371000e+00 2.890573e+00
3.372000e+00 2.893638e+00
3.373000e+00 2.896707e+00
3.374000e+00 2.899781e+00
3.375000e+00 2.902858e+00
3.376000e+00 2.905940e+00
3.377000e+00 2.909027e+00
3.378000e+00 2.912117e+00
3.379000e+00 2.915212e+00
3.380000e+00 2.918311e+00
3.381000e+00 2.921415e+00
3.382000e+00 2.924523e+00
3.383000e+00 2.927635e+00
3.384000e+00 2.930751e+00
3.385000e+00 2.933872e+00
3.386000e+00 2.936997e+00
3.387000e+00 2.940126e+00
3.388000e+00 2.943260e+00
3.389000e+00 2.946398e+00
3.390000e+00 2.949541e+00
3.391000e+00 2.952688e+00
3.392000e+00 2.955839e+00
3.393000e+00 2.958994e+00
3.394000e+00 2.962154e+00
3.395000e+00 2.965319e+00
3.396000e+00 2.968487e+00
3.397000e+00 2.971661e+00
3.398000e+00 2.974838e+00
3.399000e+00 2.978020e+00
3.400000e+00 2.981206e+00
3.401000e+00 2.984397e+00
3.402000e+00 2.987592e+00
3.403000e+00 2.990792e+00
3.404000e+00 2.993996e+00
3.405000e+00 2.997205e+00
3.406000e+00 3.000418e+00
3.407000e+00 3.003636e+00
3.408000e+00 3.006858e+00
3.409000e+00 3.010084e+00
3.410000e+00 3.013315e+00
3.411000e+00 3.016550e+00
3.412000e+00 3.019790e+00
3.413000e+00 3.023035e+00
3.414000e+00 3.026284e+00
3.415000e+00 3.029537e+00
3.416000e+00 3.032795e+00
3.417000e+00 3.036058e+00
3.418000e+00 3.039325e+00
3.419000e+00 3.042597e+00
3.420000e+00 3.045873e+00
3.421000e+00 3.049154e+00
3.422000e+00 3.052439e+00
3.423000e+00 3.055729e+00
3.424000e+00 3.059024e+00
3.425000e+00 3.062323e+00
3.426000e+00 3.065626e+00
3.427000e+00 3.068935e+00
3.428000e+00 3.072248e+00
3.429000e+00 3.075565e+00
3.430000e+00 3.078887e+00
3.431000e+00 3.082214e+00
3.432000e+00 3.085546e+00
3.433000e+00 3.088882e+00
3.434000e+00 3.092222e+00
3.435000e+00 3.095568e+00
3.436000e+00 3.098918e+00
3.437000e+00 3.102272e+00
3.438000e+00 3.105632e+00
3.439000e+00 3.108996e+00
3.440000e+00 3.112365e+00
3.441000e+00 3.115738e+00
3.442000e+00 3.119116e+00
3.443000e+00 3.122499e+00
3.444000e+00 3.125887e+00
3.445000e+00 3.129279e+00
3.446000e+00 3.132676e+00
3.447000e+00 3.136078e+00
3.448000e+00 3.139485e+00
3.449000e+00 3.142896e+00
3.450000e+00 3.146312e+00
3.451000e+00 3.149733e+00
3.452000e+00 3.153159e+00
3.453000e+00 3.156589e+00
3.454000e+00 3.160024e+00
3.455000e+00 3.163464e+00
3.456000e+00 3.166909e+00
3.457000e+00 3.170359e+00
3.458000e+00 3.173813e+00
3.459000e+00 3.177272e+00
3.460000e+00 3.180737e+00
3.461000e+00 3.184205e+00
3.462000e+00 3.187679e+00
3.463000e+00 3.191158e+00
3.464000e+00 3.194642e+00
3.465000e+00 3.198130e+00
3.466000e+00 3.201623e+00
3.467000e+00 3.205121e+00
3.468000e+00 3.208624e+00
3.469000e+00 3.212132e+00
3.470000e+00 3.215645e+00
3.471000e+00 3.219163e+00
3.472000e+00 3.222686e+00
3.473000e+00 3.226213e+00
3.474000e+00 3.229746e+00
3.475000e+00 3.233284e+00
3.476000e+00 3.236826e+00
3.477000e+00 3.240373e+00
3.478000e+00 3.243926e+00
3.479000e+00 3.247483e+00
3.480000e+00 3.251046e+00
3.481000e+00 3.254613e+00
3.482000e+00 3.258185e+00
3.483000e+00 3.261763e+00
3.484000e+00 3.265345e+00
3.485000e+00 3.268933e+00
3.486000e+00 3.272525e+00
3.487000e+00 3.276122e+00
3.488000e+00 3.279725e+00
3.489000e+00 3.283332e+00
3.490000e+00 3.286945e+00
3.491000e+00 3.290563e+00
3.492000e+00 3.294185e+00
3.493000e+00 3.297813e+00
3.494000e+00 3.301446e+00
3.495000e+00 3.305084e+00
3.496000e+00 3.308727e+00
3.497000e+00 3.312376e+00
3.498000e+00 3.316029e+00
3.499000e+00 3.319687e+00
3.500000e+00 3.323351e+00
